0.7890356041666667
0.8544475
0.8490385208333334
0.8666184375000001
0.8680188750000001
0.873601875
0.873601875
0.873601875
0.873601875
0.8751618750000002
0.8751618750000002
0.8751618750000002
0.8751618750000002
0.8751618750000002
0.8776665416666668
0.8776665416666668
0.8776665416666668
0.8789228750000001
0.8808123750000001
0.8808123750000001
0.888334375
0.888334375
0.888334375
0.889281375
0.889281375
0.889281375
0.889281375
0.889281375
0.889281375
0.889281375
0.889281375
0.889281375
0.889281375
0.889281375
0.889281375
0.889281375
0.889281375
0.889281375
0.889281375
0.889281375
0.889281375
0.889281375
0.889281375
0.889281375
0.889281375
0.889281375
0.889281375
0.889281375
0.889281375
0.889281375
0.889281375
0.889281375
0.889281375
0.889281375
0.889281375
0.889281375
0.889281375
0.889281375
0.889281375
0.889281375
0.889281375
0.889281375
0.889281375
0.8917800416666667
0.8917800416666667
0.8917800416666667
0.8917800416666667
0.8917800416666667
0.8917800416666667
0.8917800416666667
0.8917800416666667
0.8917800416666667
0.8917800416666667
0.8917800416666667
0.8917800416666667
0.8917800416666667
0.8917800416666667
0.8917800416666667
0.8917800416666667
0.8917800416666667
0.8917800416666667
0.8917800416666667
0.8917800416666667
0.8917800416666667
0.8917800416666667
0.8917800416666667
0.8917800416666667
0.8917800416666667
0.8917800416666667
0.8917800416666667
0.8917800416666667
0.8917800416666667
0.8917800416666667
0.8917800416666667
0.8917800416666667
0.8917800416666667
0.8917800416666667
0.8917800416666667
0.8917800416666667
0.8917800416666667
