297.0 297.0 
2.008309E7 2.008309E7 
8939347.0 8939347.0 
471337.0 471337.0 
1.1492886E7 1.1492886E7 
1.7650322E7 1.7650322E7 
1.5192521E7 1.5192521E7 
1.8812008E7 1.8812008E7 
1.3978684E7 1.3978684E7 
1.2665626E7 1.2665626E7 
1.5154718E7 1.5154718E7 
1.2711493E7 1.2711493E7 
1.386031E7 1.386031E7 
1.3877262E7 1.3877262E7 
369359.0 369359.0 
411720.0 411720.0 
287560.0 287560.0 
315373.0 315373.0 
185566.0 185566.0 
221001.0 221001.0 
266369.0 266369.0 
246438.0 246438.0 
428178.0 428178.0 
348356.0 348356.0 
334740.0 334740.0 
99635.0 99635.0 
80800.0 80800.0 
111143.0 111143.0 
131688.0 131688.0 
51193.0 51193.0 
