0.9999881200352836
0.3580086015792399
0.6743908899145636
0.9812353834270277
0.5931191314435983
0.4186006666814737
0.4846242377341763
0.38907633799682556
0.5190140825487425
0.5575421927887505
0.4856774710638096
0.5561731017156197
0.5224308773184401
0.5219408802466575
0.9852802104283523
0.9835990053433601
0.9885306763014401
0.9874248640516515
0.9925911338961425
0.9911794965768005
0.9893736209776645
0.9901667726751376
0.9829462145598735
0.9861143007610944
0.98665522034704
0.99601857085329
0.9967706114560001
0.9955592211065795
0.9947394166917375
0.9979533282892996
