95.8575548091732 9.732711944418458 1.5900489412278607 
1.598912525881032 0.9415003521821259 1.341341626104818 
1.4385141863921254 0.16635360518487596 1.0230789699311613 
2.365146884824814 0.8648932427563003 1.4185960473979433 
1.597796815126955 0.02830749747081085 2.63671645060106 
1.2266985708511804 0.10464068405450666 1.0230789699311613 
1.0380385648083204 0.5118524244836113 2.7802269929905217 
1.3134102084314891 0.9415003521821259 1.0870612002884559 
1.880573356534117 0.16718272646533616 3.5045016533526523 
1.9862285848292602 0.2474822831061072 1.8833334283023666 
1.0352265441004445 0.8104076913438941 3.0809152943177636 
1.597796815126955 0.02830749747081085 2.63671645060106 
1.7159215981725837 0.3822065305462201 1.8847779219204273 
1.498178335694659 0.1662182696377899 1.3044673106228326 
2.6702425325326313 0.9658677127492454 1.614423275600638 
2.310153412577948 0.7056430838748136 2.889317099153951 
2.360798277445567 0.9415003521821259 1.6633642680729572 
2.310153412577948 0.7056430838748136 2.630427238359595 
3.2898492297120385 0.056742333057396566 1.2362038110368476 
3.934227024959381 0.16206671939524053 1.3203648963820989 
2.887012348975394 0.7052926369917416 2.359561689512142 
2.7125061209721006 0.5699228941533634 2.8112817210988688 
2.1903904388083033 0.746230556346644 1.212441903319685 
2.365146884824814 0.8648932427563003 2.7632974861954445 
2.310153412577948 0.7056430838748136 2.79558921190535 
4.946059942076562 0.22717140462067054 1.2187918868331904 
6.035100252041389 0.8059502919419659 1.2662836087164044 
4.007117928634301 0.9415003521821259 1.206284912025915 
4.32900380794972 0.689252279062232 1.6165265828661861 
7.982066717555945 0.12602824141487368 1.2034292873142942 
