1193.0 1.0 
1288.0 1.0 
1317.0 1.0 
1322.0 1.0 
1323.0 1.0 
1335.0 1.0 
1337.0 1.0 
1356.0 1.0 
1358.0 1.0 
1360.0 1.0 
1364.0 1.0 
1368.0 1.0 
1369.0 1.0 
1369.0 1.0 
1371.0 1.0 
1372.0 1.0 
1375.0 1.0 
1381.0 1.0 
1383.0 1.0 
1385.0 1.0 
1386.0 1.0 
1387.0 1.0 
1387.0 1.0 
1388.0 1.0 
1388.0 1.0 
1390.0 1.0 
1393.0 1.0 
1394.0 1.0 
1397.0 1.0 
1398.0 1.0 
1399.0 1.0 
1402.0 1.0 
1403.0 1.0 
1404.0 1.0 
1406.0 1.0 
1407.0 1.0 
1408.0 1.0 
1409.0 1.0 
1410.0 1.0 
1411.0 1.0 
1411.0 1.0 
1413.0 1.0 
1415.0 1.0 
1416.0 1.0 
1416.0 1.0 
1417.0 1.0 
1418.0 1.0 
1418.0 1.0 
1418.0 1.0 
1418.0 1.0 
