1195.0 1.0 
1280.0 1.0 
1302.0 1.0 
1303.0 1.0 
1307.0 1.0 
1317.0 1.0 
1321.0 1.0 
1324.0 1.0 
1330.0 1.0 
1332.0 1.0 
1332.0 1.0 
1337.0 1.0 
1338.0 1.0 
1343.0 1.0 
1346.0 1.0 
1346.0 1.0 
1348.0 1.0 
1350.0 1.0 
1355.0 1.0 
1359.0 1.0 
1363.0 1.0 
1363.0 1.0 
1363.0 1.0 
1364.0 1.0 
1365.0 1.0 
1374.0 1.0 
1374.0 1.0 
1375.0 1.0 
1381.0 1.0 
1381.0 1.0 
1381.0 1.0 
1381.0 1.0 
1384.0 1.0 
1386.0 1.0 
1386.0 1.0 
1386.0 1.0 
1387.0 1.0 
1388.0 1.0 
1389.0 1.0 
1389.0 1.0 
1390.0 1.0 
1391.0 1.0 
1393.0 1.0 
1394.0 1.0 
1395.0 1.0 
1396.0 1.0 
1396.0 1.0 
1397.0 1.0 
1398.0 1.0 
1398.0 1.0 
