1250.0 1.0 
1272.0 1.0 
1275.0 1.0 
1305.0 1.0 
1306.0 1.0 
1308.0 1.0 
1308.0 1.0 
1309.0 1.0 
1317.0 1.0 
1321.0 1.0 
1322.0 1.0 
1334.0 1.0 
1343.0 1.0 
1346.0 1.0 
1349.0 1.0 
1352.0 1.0 
1354.0 1.0 
1355.0 1.0 
1360.0 1.0 
1364.0 1.0 
1365.0 1.0 
1366.0 1.0 
1366.0 1.0 
1367.0 1.0 
1369.0 1.0 
1370.0 1.0 
1370.0 1.0 
1370.0 1.0 
1373.0 1.0 
1375.0 1.0 
1376.0 1.0 
1376.0 1.0 
1377.0 1.0 
1379.0 1.0 
1381.0 1.0 
1382.0 1.0 
1382.0 1.0 
1391.0 1.0 
1392.0 1.0 
1395.0 1.0 
1395.0 1.0 
1396.0 1.0 
1396.0 1.0 
1397.0 1.0 
1398.0 1.0 
1398.0 1.0 
1399.0 1.0 
1399.0 1.0 
1399.0 1.0 
1400.0 1.0 
