0.9180864999999999
0.9197945833333333
0.9226303333333333
0.9248359166666668
0.9248359166666668
0.9270746666666666
0.9270746666666666
0.9275721666666666
0.9275721666666666
0.9275721666666666
0.9275721666666666
0.9275721666666666
0.9275721666666666
0.9275721666666666
0.9289983333333334
0.9294129166666667
0.9294129166666667
0.9294129166666667
0.9294129166666667
0.9294129166666667
0.92977775
0.92977775
0.9303415833333334
0.9303415833333334
0.9321160000000001
0.9321160000000001
0.9321160000000001
0.9325305833333334
0.9325305833333334
0.9325305833333334
0.9325305833333334
0.9325305833333334
0.9325305833333334
0.9325305833333334
0.9325305833333334
0.9325305833333334
0.9325305833333334
0.9325305833333334
0.9325305833333334
0.9325305833333334
0.9325305833333334
0.9325305833333334
0.9325305833333334
0.9325305833333334
0.9325305833333334
0.9325305833333334
0.9325305833333334
0.9325305833333334
0.9325305833333334
0.9325305833333334
0.9325305833333334
0.9325305833333334
0.9325305833333334
0.9325305833333334
0.9325305833333334
0.9325305833333334
0.9325305833333334
0.9325305833333334
0.9325305833333334
0.9325305833333334
0.9325305833333334
0.9325305833333334
0.9325305833333334
0.9325305833333334
0.9325305833333334
0.9325305833333334
0.9325305833333334
0.9325305833333334
0.9325305833333334
0.9325305833333334
0.9325305833333334
0.9325305833333334
0.9326135000000001
0.9326135000000001
0.9326135000000001
0.9326135000000001
0.9326135000000001
0.9326135000000001
0.9326135000000001
0.9326135000000001
0.9326135000000001
0.9326135000000001
0.9346698333333334
0.9346698333333334
0.9346698333333334
0.9346698333333334
0.9346698333333334
0.9346698333333334
0.9346698333333334
0.9346698333333334
0.9346698333333334
0.9346698333333334
0.9346698333333334
0.9346698333333334
0.9346698333333334
0.9346698333333334
0.9346698333333334
0.9346698333333334
0.9346698333333334
0.9346698333333334
