0.9328125
0.931718
0.9315687500000001
0.9300762499999999
0.9300265
0.929927
0.929927
0.92987725
0.92947925
0.92928025
0.9292305
0.9286335
0.9281857499999999
0.9280364999999999
0.9278872499999999
0.927738
0.9276385
0.9275887500000001
0.9273399999999999
0.927141
0.9270912499999999
0.9270415
0.9270415
0.92699175
0.92689225
0.9268425
0.9268425
0.9268425
0.92669325
0.92659375
0.926544
0.926544
0.9264942500000001
0.92639475
0.9262952499999999
0.9262455
0.9262455
0.92579775
0.925748
0.92559875
0.92559875
0.9255490000000001
0.9255490000000001
0.92549925
0.9254495
0.9254495
0.9253997500000001
0.9253997500000001
0.9253997500000001
0.9253499999999999
