94.58307327232382 5.120473594985903 1.9044417221175132 
97.62778633375243 9.867315483858519 2.213289244248775 
99.9350604162957 9.941088133188062 1.5750437803231652 
96.82734921326913 9.875839676871959 3.256087093420157 
97.59659818201949 5.640848080884842 1.9608233953250835 
94.5351050822308 7.646968490850952 1.9044417221175132 
99.32582207720107 6.226249344568437 1.6116483943770068 
99.871492853205 5.639547813964654 3.188731099324536 
89.71086911048107 6.110329248769986 1.9617945671319152 
99.47497122959801 9.900003468822614 3.3377101955976105 
99.3287694070988 5.797585209648413 1.7265327223488354 
95.4076065329469 4.685192991706869 1.4782384516795575 
95.56740627329391 7.558153867106673 1.9044417221175132 
99.50094382277199 7.642895398749312 1.8559610413472245 
95.37872582652666 5.639547813964654 3.243098641145692 
94.76809668704017 7.18223136169975 3.9174977165021065 
91.01170985031564 7.634874929504081 1.9251731960135219 
99.29471918204037 7.804524032307974 1.9749787615835888 
99.45774748352814 9.900003468822614 3.3100667269032424 
91.07711173661023 7.123891716324563 3.30991460342102 
96.68111830546121 5.663625976183716 3.309809588502664 
99.2954522521473 7.634874929504081 1.921922107944894 
99.24318581206248 5.639547813964654 3.188731099324536 
96.64063282421216 6.353133629387753 1.7442884612817027 
99.47497122959801 5.1943460230798255 1.9460031431123088 
99.4685467275506 7.689196572610756 1.9055852703189489 
99.3287694070988 5.797585209648413 1.7265327223488354 
96.82734921326913 9.823898480245155 1.6724236127205583 
95.98980701871831 5.895582016120222 3.901031692215168 
99.2108104498907 6.777242506707759 3.8418989181047776 
99.25501629062282 5.924052263120773 3.309809588502664 
96.98704323948706 6.97549638871809 3.8758803299267335 
95.56692249201922 7.732380808911834 1.585392843445479 
93.16843826390718 7.609529131500232 1.190283746780219 
99.48769689232682 5.924974134484719 2.3180430294581966 
99.79959322252958 5.640848080884842 3.6190279967435 
95.09376369775894 7.685466875879082 1.5911588105353804 
95.37872582652666 5.395099112902859 3.243098641145692 
93.65723295555574 7.609529131500232 1.716471971257059 
97.59659818201949 5.640848080884842 2.213289244248775 
99.51263307979755 9.763164712512197 2.1737247398246766 
97.06541340479355 5.646034958358008 1.417059121741354 
99.47497122959801 5.1943460230798255 1.3542351735832876 
99.2537311629827 5.924052263120773 3.309809588502664 
99.50426969318589 5.797585209648413 1.768023249527178 
99.36610876552783 9.875839676871959 2.2111070746075185 
99.2954522521473 7.634874929504081 1.921922107944894 
95.12624259692505 5.223370599047719 1.4523240393468466 
99.32285568225909 7.634874929504081 1.9251731960135219 
99.2537311629827 5.909640335721772 3.309809588502664 
