99.63197012910007 7.0214852934870455 3.4087968440005483 
99.12510708070329 7.453691857458411 3.1691793317983263 
94.87744454945773 6.169387922093446 3.4739270339726325 
99.96846985372606 5.96876304614835 3.390693466193671 
99.65548210292734 7.171131188851045 1.0327633293101686 
99.49251114069249 9.946790414598265 3.8706742832120655 
97.11959158442012 5.228584181301066 3.322545184277472 
99.62454061863835 5.517036039227054 3.384158820373382 
99.91443555652626 7.05397825746881 3.8026401766655678 
97.4069692288496 8.96373339590453 3.1559107676369855 
99.63140322985802 5.544837198641156 1.1460969816407427 
99.12510708070329 7.4377852346352515 3.2682141643630844 
99.59616011244312 7.19342556866224 3.791964110505509 
99.97462327792954 6.3430070031594274 3.8664424040240633 
97.11959158442012 9.831784161438838 3.285567666282363 
97.11959158442012 8.858977072294007 2.936624801814958 
94.34420444285787 5.249622666261911 3.2248660629038186 
94.28065889007618 8.792383955660688 3.390514149997493 
99.9482478218311 6.413728312913682 3.8051111072237305 
99.5676368670581 6.601661532151071 3.387859333828939 
94.31229959066023 7.3263704331430635 3.164570239906444 
99.27784135757696 9.961734160667952 2.118581817734501 
99.5967220778597 5.386262677377807 3.4378671674916195 
99.59732340903199 5.386262677377807 3.716059332103767 
99.61635815982176 5.626364109102968 3.4413314050789077 
97.17366361750953 5.531888048565281 3.384158820373382 
99.20783387781688 7.294138479958309 2.25710629578857 
97.11959158442012 9.831784161438838 2.936624801814958 
99.45827201050383 6.6248329720264225 3.224082170781943 
99.98261567531996 6.039402690038976 3.2271792842566134 
99.97080606081927 6.586733365573545 3.163120485815387 
96.52374497320979 2.495756007601922 1.467292424902575 
94.31229959066023 7.320851589931511 3.166299901785876 
99.99310179561532 6.588788314873899 3.163120485815387 
99.61422055596755 6.961237006123052 3.224908612856379 
99.12510708070329 7.377451725296809 1.8914498731231022 
94.47362189194688 7.089413810189533 3.6061972245916096 
97.35757320888855 8.96373339590453 1.872285633833305 
98.12930084168995 8.96373339590453 3.1698868366324833 
99.850630110289 7.154948227768514 1.0080048157054524 
99.59831312910026 5.386262677377807 3.4378671674916195 
99.65756449554273 7.234542943538168 1.0566076669394748 
99.65548210292734 7.1730844902748405 1.0254857541887503 
97.11959158442012 9.831784161438838 3.285567666282363 
98.0865888928679 5.007485421675698 3.227138773298842 
99.64849703230473 7.00199227741223 3.407216544204281 
94.28065889007618 6.624427742141519 3.4227700832774284 
99.61635815982176 5.626364109102968 3.438076901597052 
94.32410853817039 7.4057874529714045 3.699959465282445 
94.25890132788057 7.304561231267771 3.9199680542377067 
