99.08502180604059 5.117566674434672 3.9453734255935133 
99.3689227227613 9.910702321405687 3.301182396086563 
99.21343997399221 6.482377961351934 3.0053900131652216 
97.46414567583834 6.6720106311518395 2.0638900601192134 
95.86212868161827 8.328903677922478 2.073311557533028 
95.12892228545478 8.475564465548263 2.713445119125959 
96.36502598079382 6.913954219557303 1.7026804010394139 
99.38567479566899 5.7518170008120535 3.2794612429781753 
96.51014279107416 8.265474857149247 1.743197786277399 
97.45737287311881 9.85671794077724 3.9453734255935133 
95.20977034166472 9.233256642149103 3.196343502966857 
99.11074536612689 6.800526619642697 1.726601292301069 
99.21343997399221 6.6496983410042905 1.726601292301069 
99.17040183241318 9.94620330441735 2.2685095335284524 
95.86212868161827 7.856913887833213 2.073311557533028 
99.1259144738227 6.4512269562554625 1.758985706246845 
95.1183423980899 9.996400958451037 1.9801313369224693 
99.17704938557945 9.94620330441735 2.266724931594222 
99.35515390548383 8.784741163711145 3.194898008616587 
97.49834709459806 7.745963578078584 2.5225728876907785 
92.36426449379887 5.124686915608972 3.5870712930771127 
99.38768987600912 5.450421553167067 3.002865313897325 
99.21343997399221 6.934764397536581 1.8499279287980444 
99.17681356091941 9.94620330441735 2.266724931594222 
96.51014279107416 9.868604682993167 2.913078101018664 
95.1183423980899 9.447207760205517 1.6216687866359563 
97.46414567583834 9.947266923815612 2.0798994592602007 
97.54625924426567 6.898860768617051 3.030861143548994 
98.19985888518556 6.404325259509676 2.961587704954738 
95.12419524389404 8.475564465548263 1.5742563313233044 
97.47896548423431 6.6716286607343065 1.9724209192543132 
99.7028837209823 7.45571721276816 3.417493541026591 
99.35536292727775 5.954186549515507 3.0638485428395636 
95.37077606112504 3.885086794857966 3.839812156287154 
98.09437387713571 6.4512269562554625 1.7608179188725386 
99.17040183241318 9.94620330441735 2.483414924669003 
97.49834709459806 7.833883092468093 1.9591617118952604 
99.35327467534077 5.915942850356726 3.0328952315565436 
93.76532445466599 4.684386888046408 3.5487519610048084 
99.12515216084937 6.4512269562554625 1.6594220255915935 
96.61194977003944 9.935289178203021 1.7396360417306684 
99.20805466695718 6.153045912435496 3.053163975087575 
99.35657267415324 6.155695762687127 3.028014018100732 
99.69116622978144 6.946916738774016 3.028014018100732 
96.49879068530436 8.265474857149247 1.725638354077981 
99.21764116753123 6.35899989227151 3.091279921455717 
99.38567479566899 5.776346265109482 3.2794612429781753 
90.144667517743 6.898860768617051 3.0297855692550137 
95.71170265714348 9.996400958451037 1.9801313369224693 
99.11074536612689 6.800526619642697 1.726601292301069 
