318.0 1.0 
324.0 1.0 
327.0 1.0 
329.0 1.0 
332.0 1.0 
334.0 1.0 
335.0 1.0 
335.0 1.0 
336.0 1.0 
336.0 1.0 
336.0 1.0 
336.0 1.0 
337.0 1.0 
337.0 1.0 
337.0 1.0 
337.0 1.0 
338.0 1.0 
338.0 1.0 
338.0 1.0 
338.0 1.0 
339.0 1.0 
339.0 1.0 
340.0 1.0 
340.0 1.0 
340.0 1.0 
341.0 1.0 
341.0 1.0 
342.0 1.0 
342.0 1.0 
342.0 1.0 
343.0 1.0 
343.0 1.0 
343.0 1.0 
343.0 1.0 
343.0 1.0 
344.0 1.0 
344.0 1.0 
345.0 1.0 
345.0 1.0 
346.0 1.0 
346.0 1.0 
346.0 1.0 
346.0 1.0 
346.0 1.0 
346.0 1.0 
346.0 1.0 
347.0 1.0 
347.0 1.0 
347.0 1.0 
347.0 1.0 
