0.9771065833333333
0.9773719166666667
0.9779689166666667
0.9779689166666667
0.97803525
0.97803525
0.97803525
0.9782010833333334
0.9782010833333334
0.978284
0.9785493333333334
0.9785493333333334
0.9785493333333334
0.9785493333333334
0.9785493333333334
0.9787815000000001
0.9787815000000001
0.9787815000000001
0.9788644166666667
0.9788644166666667
0.9788644166666667
0.9788644166666667
0.9788644166666667
0.9788644166666667
0.9788644166666667
0.9788644166666667
0.9788644166666667
0.9788644166666667
0.9788644166666667
0.9788644166666667
0.9788644166666667
0.9788644166666667
0.9788644166666667
0.9788644166666667
0.9788644166666667
0.9788644166666667
0.9788975833333334
0.9788975833333334
0.9788975833333334
0.9788975833333334
0.97903025
0.97903025
0.97903025
0.97903025
0.97903025
0.97903025
0.97903025
0.97903025
0.97903025
0.97903025
0.9790800000000001
0.9790800000000001
0.9790800000000001
0.9790800000000001
0.9790800000000001
0.9790800000000001
0.9790800000000001
0.9790800000000001
0.9790800000000001
0.9790800000000001
0.9790800000000001
0.9790800000000001
0.9790800000000001
0.9790800000000001
0.9791795
0.9791795
0.9791795
0.9791795
0.9791795
0.9791795
0.9791795
0.9791795
0.9791795
0.9791795
0.9791795
0.9791795
0.9791795
0.9791795
0.9791795
0.9792789999999999
0.9792789999999999
0.9792789999999999
0.9792789999999999
0.9792789999999999
0.9792789999999999
0.9792789999999999
0.9792789999999999
0.9792789999999999
0.9792789999999999
0.9792789999999999
0.9792789999999999
0.9792789999999999
0.9792789999999999
0.9792789999999999
0.9792789999999999
0.9792789999999999
0.9792789999999999
0.9792789999999999
0.9792789999999999
0.9792789999999999
