0.9791795
0.978881
0.97873175
0.97863225
0.9784830000000001
0.9783835
0.97833375
0.97833375
0.9782839999999999
0.9782839999999999
0.9782839999999999
0.9782839999999999
0.97823425
0.97823425
0.97823425
0.97823425
0.9781845
0.9781845
0.9781845
0.9781845
0.9781347499999999
0.9781347499999999
0.978085
0.978085
0.978085
0.97803525
0.97803525
0.9779855
0.9779855
0.9779855
0.97793575
0.97793575
0.97793575
0.97793575
0.97793575
0.977886
0.977886
0.97783625
0.97783625
0.9777865
0.9777865
0.9777865
0.9777865
0.9777865
0.9777865
0.9777865
0.97773675
0.97773675
0.97773675
0.97773675
