98.81293831645532 3.0183211210483467 1.0247542261953215 
98.888052123943 4.679508361696439 3.6688420089369282 
99.40526499453476 6.274135013667059 3.177228905400387 
97.36502510494356 9.994886662461784 3.2298676749834936 
99.77703962583202 4.762430538201112 3.704760795459884 
98.76044976985983 5.536203433085787 3.0726834508049055 
97.26375712978268 9.880217164450263 3.2403044270976165 
97.36502510494356 9.902018695563186 3.2403044270976165 
99.9671975176983 6.164891917817335 3.174050263927566 
94.71032823161516 7.080880852467629 1.0442613353685417 
99.77054812060543 9.788534461027849 3.2524186355182483 
98.80403291678006 4.684516936369539 1.0343002043766854 
99.65447294567701 4.9856950389508246 1.21368003017909 
98.93649174670642 5.633558548442876 1.0282356372137902 
99.99152126442084 6.167018633488307 1.022542462080931 
99.4018930736735 5.759867159125338 2.28084977338399 
99.65447294567701 6.369045273016078 1.1418607132642382 
99.4731588782796 4.896975049654915 3.0682129603745256 
99.65447294567701 6.651171432303128 1.1418607132642382 
99.17124096112813 6.525463470736438 1.0167418076543229 
99.77002159828771 5.220333365510552 3.9136933624211427 
99.88375657367548 7.253793987323578 1.0446835799093281 
94.4384039386881 6.976246853562017 1.0442613353685417 
94.4384039386881 7.082031432033194 1.0442613353685417 
99.77054812060543 9.890037176059176 3.2524186355182483 
99.88454981321892 5.538373586272603 1.0695745872567912 
98.89509399402134 4.770576552640085 1.022831861984355 
99.39434209835144 6.525994599923534 3.0726834508049055 
97.42536181386532 4.712779693877851 1.0343002043766854 
99.8067327776207 5.538373586272603 3.0726834508049055 
99.40777142114246 5.843694236182359 2.2804942274344953 
98.96207108016594 5.7831080713403225 1.1505068367374607 
98.94521221125254 4.725704187805823 1.0339560881630556 
99.75369823325856 4.684516936369539 1.0354441726715398 
99.81602679345411 6.274135013667059 3.177228905400387 
99.98803220938514 9.87842858783515 3.2963510431156555 
99.81182281545183 4.983144968895758 3.2021089341108544 
96.39968509815623 6.189453121847119 1.022831861984355 
99.96275761915967 5.973883531248699 2.859678356200705 
98.84031501309538 5.620574209904482 3.2022417129561753 
94.41438664203919 8.427581355661939 3.1210900385757796 
99.78208268189212 6.651171432303128 1.1451702884944972 
99.8067327776207 5.714199950716813 2.828720768164458 
98.88732651210634 8.254453174324102 3.686624186757605 
99.9213850365504 4.983144968895758 3.1950888463576987 
98.85942366884021 6.375931435488507 1.1418607132642382 
99.77054812060543 9.619245956567507 3.2524186355182483 
99.99152126442084 6.1608728564291635 1.022542462080931 
99.75241458908852 6.651171432303128 1.1418607132642382 
95.88558680691516 7.082031432033194 1.0445950412482166 
