95.59586977440686 7.768955171521538 1.1018110031966786 
96.77139368226149 8.381639454173458 2.6846385388377936 
99.65002359326029 6.988700306289942 2.699313154515336 
95.1574295917203 7.243376702401375 1.1621700500138732 
96.27470480209625 7.913618567421551 1.1374105969460444 
98.35114695937078 8.381639454173458 2.5109725457969763 
96.1339730096136 7.871158323201839 2.7281650181603823 
95.57461138021075 7.235112108261862 2.1727661754370717 
96.1622190683859 4.932837889960537 1.299968833632177 
99.48096354103464 4.550267210463443 1.1002815026506574 
95.1574295917203 9.576762574527958 1.1263819953038856 
91.0605808425836 8.338268017753027 1.5989506222842427 
99.4795214766229 7.204602242210603 1.1002815026506574 
95.59586977440686 7.834862818512437 1.3153858594945715 
99.4795214766229 6.680590747213767 1.1002815026506574 
97.98551491515518 4.194648527855491 1.192974704650362 
91.0451322885678 8.204904464295957 2.558613615976086 
97.03560409424556 5.450727256711648 1.192974704650362 
96.03001525802495 4.743745545200374 2.731298026146588 
90.8967754229736 8.338268017753027 2.4523420166762504 
99.66171730494774 5.016078773203955 3.0841670243005055 
96.24609920937255 7.875606363459105 2.553588707047159 
95.59938481225446 8.436094859155164 2.715723044142386 
99.87298639030163 5.450727256711648 1.1566298741668497 
95.31946739074023 5.353687048250069 1.1262871691818346 
99.50013728179297 5.450727256711648 1.1566298741668497 
95.8911466590042 7.033900936508746 2.0559724834603808 
97.1014207180621 8.05136281404569 1.7910592206174556 
95.8911466590042 7.204602242210603 1.7395354774103737 
89.4762088147388 6.988700306289942 1.0485582259683417 
91.0605808425836 8.338268017753027 2.38188430882502 
96.93268647740874 6.100646588996458 2.519882751947907 
98.90828770687799 5.519932188638664 3.1843715839581215 
99.50155152915376 6.016923628113298 1.228476115905984 
96.24185919378732 8.371775093945459 2.2338623005680076 
89.49692975324248 9.064843525812714 2.558613615976086 
98.23031403948082 8.237144129099432 2.5109725457969763 
90.69199878395494 8.685096944829576 1.7280583202384239 
96.93268647740874 6.010080185558122 2.528955076813885 
97.31138385331334 6.990210433351769 1.1002815026506574 
96.24185919378732 4.804323478346536 1.884740560614969 
99.70137247105437 4.617987034306704 1.7873749190024766 
96.31921758376518 7.921331330759244 1.1345074929507266 
96.28079361722455 8.680973207290636 1.1589371442899778 
99.59530054511772 5.818772959245966 1.0800015713837825 
96.92684122270133 6.013194037986308 2.604936275358185 
96.97979691130986 5.863697784566251 1.7395354774103737 
96.14141560885896 6.9693970248136425 1.104841475513944 
94.88236318764162 7.913618567421551 1.1374105969460444 
99.51048310145582 6.312401755510708 2.699282984291296 
