92.36784498716717 9.4640150219526 1.8291404243230847 
99.70455050609353 4.798382876149736 2.156972422902218 
95.1052594965502 9.322888655194205 3.5656329199499153 
99.0400225305299 8.92330369488182 1.9199286262919086 
88.34531624768343 5.9906809961849605 3.97483086130654 
92.41886948277272 9.65893841861156 2.6550612557893323 
99.58120042164464 9.53115592530668 1.8305221543914656 
99.04138916852234 9.077828410606063 2.0700200486682716 
95.1052594965502 4.4693268954048335 3.7988174941729715 
99.04138916852234 8.836030737660677 2.006433524267389 
95.1052594965502 8.814336518050837 3.5656329199499153 
99.0400225305299 8.92330369488182 3.9183736786918018 
95.45013293627335 9.29868478674091 3.7022338968983775 
89.39556342841414 8.015666312454051 2.066592385597884 
95.55227905860303 4.4693268954048335 2.063613852720012 
95.25770911657166 4.421187633046458 2.0576081789491023 
95.45013293627335 9.363377230797088 3.7748576542211807 
97.3375739639114 9.15839652036465 3.660325273738425 
99.81098570660002 5.140399451085233 2.000382399120528 
93.848425471489 9.357877150536279 3.660325273738425 
85.61421633242855 9.35795634755968 3.776534186467305 
99.81286351765864 3.628657667885962 2.113945864065393 
99.99955518518162 5.055094229578669 2.6822730286488365 
99.49312663189372 8.971977613218325 1.8291404243230847 
95.55227905860303 4.421187633046458 2.063613852720012 
95.18898040107184 9.65893841861156 2.6550612557893323 
93.80834940413902 9.357877150536279 3.660325273738425 
99.76148561370358 8.587544698296714 2.064631572483832 
99.5244274936656 8.255827844443703 1.3687920023250595 
98.13547062500452 7.689152192209507 3.643381593226161 
99.20250502747152 5.141617673421964 2.1167715804353557 
96.09059252107348 8.004469259015115 3.643381593226161 
99.56911098272896 9.251916104213182 1.8291404243230847 
99.83074331208249 8.564598206532018 2.0712349130305707 
99.77579651767898 9.369578553609728 3.8996013473716946 
99.75542149098585 8.791909825652818 2.113885651662948 
96.11030340156253 5.141617673421964 2.1167715804353557 
99.70434068529362 9.313065479515306 3.960070878480515 
98.15837555643088 8.792882102834831 2.103502462077629 
92.41119017286397 9.311953810791302 3.484269100999278 
94.02613098566903 9.363377230797088 3.6548343352735735 
93.80834940413902 9.357877150536279 3.660325273738425 
99.05130789080191 8.831241107356226 2.0684720343467258 
99.61177109466739 8.981429441134896 3.580987415798149 
99.04138916852234 8.831241107356226 2.0700200486682716 
94.03061475846894 9.363377230797088 3.7748576542211807 
92.41119017286397 9.311953810791302 3.9605295604117883 
98.6389364098636 9.350515045638739 2.006433524267389 
99.61177109466739 9.53115592530668 3.6686296536680847 
99.42686524989088 3.7827403212051545 2.000382399120528 
