220.0 1.0 
220.0 1.0 
222.0 1.0 
224.0 1.0 
225.0 1.0 
225.0 1.0 
225.0 1.0 
226.0 1.0 
226.0 1.0 
228.0 1.0 
228.0 1.0 
229.0 1.0 
229.0 1.0 
229.0 1.0 
229.0 1.0 
229.0 1.0 
230.0 1.0 
230.0 1.0 
231.0 1.0 
232.0 1.0 
232.0 1.0 
232.0 1.0 
232.0 1.0 
232.0 1.0 
232.0 1.0 
233.0 1.0 
233.0 1.0 
233.0 1.0 
233.0 1.0 
233.0 1.0 
233.0 1.0 
234.0 1.0 
234.0 1.0 
234.0 1.0 
234.0 1.0 
234.0 1.0 
235.0 1.0 
235.0 1.0 
235.0 1.0 
235.0 1.0 
235.0 1.0 
235.0 1.0 
235.0 1.0 
235.0 1.0 
235.0 1.0 
235.0 1.0 
235.0 1.0 
236.0 1.0 
236.0 1.0 
236.0 1.0 
