0.928125
0.928785
0.9299400000000001
0.9299400000000001
0.9311775
0.9311775
0.9320025
0.9320025
0.9320025
0.9320025
0.9326625000000001
0.9326625000000001
0.9326625000000001
0.93291
0.93291
0.93291
0.93291
0.93291
0.9329925000000001
0.9329925000000001
0.93522
0.93522
0.93522
0.93522
0.93522
0.93522
0.93522
0.93522
0.93522
0.93522
0.93522
0.93522
0.93522
0.93522
0.93522
0.93522
0.93522
0.93522
0.9359624999999999
0.9361274999999999
0.9361274999999999
0.9361274999999999
0.9361274999999999
0.9361274999999999
0.9361274999999999
0.9361274999999999
0.9361274999999999
0.9361274999999999
0.9361274999999999
0.9361274999999999
0.9361274999999999
0.9361274999999999
0.9361274999999999
0.9361274999999999
0.9361274999999999
0.9361274999999999
0.9361274999999999
0.9361274999999999
0.9361274999999999
0.9361274999999999
0.9361274999999999
0.9361274999999999
0.9361274999999999
0.9361274999999999
0.9361274999999999
0.9361274999999999
0.9361274999999999
0.9362925
0.9362925
0.9369525
0.9369525
0.9369525
0.9369525
0.9369525
0.9369525
0.9369525
0.9369525
0.9369525
0.9369525
0.9369525
0.9369525
0.9369525
0.9369525
0.9369525
0.9369525
0.9369525
0.9369525
0.9369525
0.9369525
0.9369525
0.9369525
0.9369525
0.9369525
0.9369525
0.9369525
0.9369525
0.9369525
0.9369525
0.9369525
0.9369525
