0.93555
0.93555
0.935055
0.93456
0.9343125
0.9343125
0.9343125
0.934065
0.934065
0.9335699999999999
0.9335699999999999
0.9333224999999999
0.9333224999999999
0.9333224999999999
0.9333224999999999
0.9333224999999999
0.933075
0.933075
0.9328275
0.93258
0.93258
0.93258
0.93258
0.93258
0.93258
0.9323325
0.9323325
0.9323325
0.9323325
0.9323325
0.9323325
0.9320849999999999
0.9320849999999999
0.9320849999999999
0.9320849999999999
0.9320849999999999
0.9318375
0.9318375
0.9318375
0.9318375
0.9318375
0.9318375
0.9318375
0.9318375
0.9318375
0.9318375
0.9318375
0.93159
0.93159
0.93159
