93.8375185401448 7.724141868036561 1.7164366807216773 
99.9889337702864 6.8551471883709825 1.7570322048917888 
79.99762490257677 8.0943931304922 2.2034018560451236 
94.7906750939749 8.480220397900407 2.2593260208956836 
96.4809438081934 7.624586749265377 3.4498256924421806 
99.01301637720184 6.595837961620031 3.7995923698595915 
99.98265872261193 8.480220397900407 2.2593260208956836 
97.26799611415585 8.373560838292887 3.725254945552345 
99.96776079828756 8.477218866143733 3.815700492374998 
95.54868805785244 6.938000965735725 3.8764764470613633 
99.56904493681635 7.9201054225831555 3.7219506719268143 
97.27956947620953 8.479148253916929 2.2674985141233432 
94.44419547282598 6.8551471883709825 2.028142408910345 
95.88182885068808 7.539240892594581 3.867963019759846 
90.24961178354155 7.832441637462393 2.2026524664089777 
99.5571801826535 7.151856998644429 3.429598860274117 
94.70887776832146 8.092788757558885 2.48393316831605 
99.37174218701935 8.092788757558885 2.48393316831605 
96.312332187836 7.942482003818463 3.429598860274117 
90.94028537741642 7.819973638180826 1.9492103829592327 
95.55146244104887 8.621042930878659 2.2373047213966726 
99.4636491440739 7.484674784164525 1.7939464377660912 
95.4877494964896 6.85502827706937 3.8573939822744205 
99.4271439260012 8.092788757558885 2.48393316831605 
95.54868805785244 6.938000965735725 3.799195664494158 
90.25577115062482 8.092788757558885 2.0668129769181 
98.44635352954967 7.925588630339711 2.2026524664089777 
99.00817232030907 7.173360072545338 2.0912001032766416 
95.27049465060935 8.26627343240231 3.2301222106347787 
96.6176233902619 7.015192403393135 3.8684486005486267 
99.55042151243507 7.181618012827812 2.1120186102256597 
95.54868805785244 6.938000965735725 3.3983464987956657 
99.71065823565623 6.850075289165737 3.8783518340852274 
95.56681965788734 7.724141868036561 3.4304490368522744 
99.15027175758678 7.244746187007989 2.0904456404037965 
89.72300997855156 8.480880919160931 3.7124650719809553 
95.52776642042421 6.85502827706937 3.858178418485678 
87.07234184870316 6.398940962783124 3.9903897161037345 
94.44419547282598 4.89265538306919 3.29559218882127 
95.4845129532054 8.148113882571144 3.2301222106347787 
99.55042151243507 7.17666415621386 2.0904456404037965 
96.312332187836 8.244960448332106 3.426482112175674 
95.55697166758966 8.363358629994908 3.7575115432343553 
96.74345151648083 8.098964732835633 3.8594119727307916 
96.312332187836 8.215901339196062 3.4166331807236485 
95.87720768258049 8.621042930878659 2.2373047213966726 
97.24756523876773 8.479148253916929 2.2286580697349736 
63.41962097066866 6.003895586073511 1.6465928356164472 
99.8961954142656 7.018358415443403 3.7219506719268143 
97.2473706293656 8.349256106542969 3.7559404365990634 
