96.76987663365868 4.862860826265097 3.0018905802270095 
96.70798581950702 9.858822936328599 3.569777006461148 
91.76974213076029 7.220332431239739 3.9129274151994218 
96.34462000621566 9.703402754678041 3.8045829697632767 
87.11045623757268 5.3376516281733215 1.9022199559194322 
98.38937180472165 9.512410147202084 3.0442071232800103 
96.34462000621566 9.703402754678041 3.8045829697632767 
93.65957665590726 5.264916964827546 2.017009022512185 
99.34750493349019 9.480190809868969 1.783204753964893 
99.34750493349019 9.480190809868969 2.332962425734464 
96.860189244403 8.396841717102962 1.8166752779092032 
96.860189244403 8.22175203766951 1.8166752779092032 
99.47227070853188 9.121601887222045 3.5888488528009352 
98.82423007561924 8.189764849279669 2.420134287506117 
96.26469091199411 5.010921227149203 1.8108306331169945 
91.83895793357054 6.071222163714007 3.870350415567758 
87.11045623757268 5.58852231532517 1.8527571792926198 
89.69595847821522 8.159095091409883 3.8701949477189546 
87.10640619886493 5.298793459570798 1.8166752779092032 
98.38407355118439 9.11032263927749 2.616835367288996 
96.63357697256883 3.2031518918546147 2.956425752734444 
99.22850600409048 9.703402754678041 3.560102809793788 
98.82423007561924 9.130584407251636 2.3574498373241175 
96.79963974099735 7.091168455401208 3.9468215869750596 
91.95825174874217 9.703402754678041 3.849540123754218 
93.33953280043497 5.239341536257042 3.305525747139386 
91.22607230420337 9.927883834335812 3.512523740610584 
96.4681005410149 8.140513723446542 3.551124610669831 
96.70474364003518 9.858822936328599 3.569777006461148 
99.54004185242243 9.649022234176165 2.7601103326003766 
96.70474364003518 7.369977746165816 3.9364936775430333 
96.85048897268747 9.703402754678041 3.818295875403459 
96.60360260246303 9.27320634333306 3.870350415567758 
98.04735726512651 7.424232130493907 2.418934690624311 
94.11939668969131 9.657947232675012 2.3023207771945797 
98.38407355118439 8.189764849279669 2.420874546376815 
99.7748387832777 8.819122090591204 2.4083622021246684 
99.2149156534312 9.121601887222045 3.5888488528009352 
96.7478632736683 6.135360032467354 3.559544752542108 
90.83512292183634 9.039786926843725 1.9022199559194322 
90.24720976226747 9.27320634333306 3.870350415567758 
93.49367524257971 5.259705215446739 3.5595434510732162 
96.86102481640714 8.22175203766951 2.1267593098286404 
96.13223546536724 8.056122966769196 2.8495915850689175 
91.83895793357054 7.276310809192305 3.870350415567758 
98.41305148516895 5.239341536257042 3.2919084829388936 
93.65957665590726 5.264916964827546 3.5979371969714284 
96.95479251656585 8.808499473159324 1.5569095202914145 
99.22070203953683 9.121601887222045 3.5729747408678745 
87.06258838120279 5.239341536257042 3.294243343386813 
