93.82993780159521 6.337455557604764 2.272482996539448 
98.62954422814255 5.237019386684274 3.483763268250696 
84.2987864041833 7.957856902212213 2.2911460921851368 
99.74144750810096 9.089830499969002 2.464143195368095 
97.23473995265255 8.698539055443648 2.4840562864970326 
99.52774320087468 8.64074774380539 1.0777057896204463 
84.68322253223286 7.192005999960302 1.9916015650714076 
99.75709488439671 9.06538276267244 2.3303478987615764 
97.21423493374729 5.566252597546679 3.1139279755758533 
91.44904547980052 8.426449534872827 2.1172936115275096 
98.78980624321206 8.60828994375812 2.288324806559415 
99.89582612961934 7.710540887413941 2.2243593248222733 
99.18806182256772 7.338624071072928 2.1451500144374585 
97.58614377704136 5.566252597546679 3.23646870428557 
99.77285627757027 5.294699143871636 2.1442310713233197 
98.38561658525502 8.99613700636668 2.486020629660074 
99.75388272649411 4.524913209141175 2.3312391799041032 
99.24496305051044 7.334057150591114 2.1556597888802393 
97.1543856847492 8.453007970192946 1.791969037170013 
98.53992588437801 7.712207854186241 1.8838457951177165 
84.92879655944272 7.192005999960302 2.1354370727367806 
90.53865263770409 8.453007970192946 2.178155049966244 
93.30620251903241 4.53623602174989 2.3310292151796976 
97.1543856847492 8.453007970192946 1.791969037170013 
99.76185844186193 7.415246251930769 2.1432920853268618 
99.52088588228222 8.632877862084973 2.426768796126916 
98.38561658525502 9.089830499969002 2.464143195368095 
98.62954422814255 8.153811012728509 3.483763268250696 
84.71015870458059 5.14286861788186 2.3314574325383313 
97.1968985334362 5.24675745360658 2.192407359084121 
91.02812393931265 8.750482194930836 2.097086165277732 
87.60003569683703 8.75043885225197 1.0859301517193716 
99.29651704588493 8.697987745856775 2.4840562864970326 
97.69420802797205 5.237019386684274 1.136643929026803 
99.95672689700523 7.721199033674306 3.5769398942191746 
99.52774320087468 8.64074774380539 1.0599690983039565 
97.16358614874314 7.738430257688939 2.9281217554619903 
93.82993780159521 6.337455557604764 2.012075245580263 
84.71015870458059 5.14286861788186 2.3314574325383313 
93.30620251903241 6.119052861930852 2.262141410974143 
87.21735119714343 8.20512098663615 1.0497689573573423 
93.30620251903241 8.464598691704605 1.752617266436769 
98.90059990392427 8.60828994375812 2.271741729506289 
84.59809066851905 8.60828994375812 2.288324806559415 
93.30620251903241 6.119052861930852 2.2622200997647854 
97.15576315401758 6.119052861930852 2.2703028952612616 
99.7307441140624 7.050712737722312 2.1432920853268618 
93.55108771932449 6.290963659076268 2.272482996539448 
92.24630515231686 8.27263606643518 2.217732470312704 
99.76256053167032 7.787542340646105 2.153539625777685 
