782.0 1.0 
844.0 1.0 
845.0 1.0 
851.0 1.0 
855.0 1.0 
855.0 1.0 
861.0 1.0 
864.0 1.0 
864.0 1.0 
876.0 1.0 
879.0 1.0 
882.0 1.0 
882.0 1.0 
884.0 1.0 
884.0 1.0 
884.0 1.0 
885.0 1.0 
885.0 1.0 
886.0 1.0 
887.0 1.0 
888.0 1.0 
889.0 1.0 
890.0 1.0 
890.0 1.0 
891.0 1.0 
897.0 1.0 
898.0 1.0 
898.0 1.0 
900.0 1.0 
901.0 1.0 
901.0 1.0 
901.0 1.0 
902.0 1.0 
902.0 1.0 
903.0 1.0 
905.0 1.0 
905.0 1.0 
906.0 1.0 
906.0 1.0 
907.0 1.0 
908.0 1.0 
908.0 1.0 
909.0 1.0 
909.0 1.0 
909.0 1.0 
910.0 1.0 
912.0 1.0 
913.0 1.0 
913.0 1.0 
913.0 1.0 
