740.0 1.0 
777.0 1.0 
851.0 1.0 
859.0 1.0 
861.0 1.0 
862.0 1.0 
863.0 1.0 
866.0 1.0 
866.0 1.0 
870.0 1.0 
877.0 1.0 
880.0 1.0 
880.0 1.0 
887.0 1.0 
889.0 1.0 
889.0 1.0 
890.0 1.0 
895.0 1.0 
896.0 1.0 
897.0 1.0 
897.0 1.0 
901.0 1.0 
901.0 1.0 
905.0 1.0 
906.0 1.0 
907.0 1.0 
907.0 1.0 
907.0 1.0 
908.0 1.0 
911.0 1.0 
911.0 1.0 
912.0 1.0 
912.0 1.0 
912.0 1.0 
913.0 1.0 
915.0 1.0 
916.0 1.0 
918.0 1.0 
919.0 1.0 
920.0 1.0 
920.0 1.0 
921.0 1.0 
921.0 1.0 
922.0 1.0 
923.0 1.0 
925.0 1.0 
926.0 1.0 
926.0 1.0 
926.0 1.0 
926.0 1.0 
