808.0 1.0 
834.0 1.0 
843.0 1.0 
852.0 1.0 
856.0 1.0 
860.0 1.0 
863.0 1.0 
869.0 1.0 
870.0 1.0 
871.0 1.0 
875.0 1.0 
876.0 1.0 
879.0 1.0 
881.0 1.0 
885.0 1.0 
885.0 1.0 
887.0 1.0 
887.0 1.0 
889.0 1.0 
890.0 1.0 
891.0 1.0 
893.0 1.0 
895.0 1.0 
895.0 1.0 
895.0 1.0 
898.0 1.0 
899.0 1.0 
899.0 1.0 
900.0 1.0 
901.0 1.0 
902.0 1.0 
903.0 1.0 
904.0 1.0 
905.0 1.0 
906.0 1.0 
907.0 1.0 
907.0 1.0 
909.0 1.0 
909.0 1.0 
911.0 1.0 
913.0 1.0 
913.0 1.0 
914.0 1.0 
914.0 1.0 
916.0 1.0 
917.0 1.0 
917.0 1.0 
918.0 1.0 
918.0 1.0 
919.0 1.0 
