0.94420525
0.9459464999999999
0.9473063333333333
0.948832
0.9491470833333334
0.9491470833333334
0.9491470833333334
0.9498435833333332
0.9498435833333332
0.9498435833333332
0.9498435833333332
0.9498435833333332
0.9498435833333332
0.9498435833333332
0.9508551666666666
0.9518335833333333
0.9518335833333333
0.9518833333333333
0.9518833333333333
0.9521155
0.9521155
0.9521155
0.9521155
0.9521155
0.9521155
0.9521155
0.9521155
0.9521155
0.9540889166666666
0.9540889166666666
0.9540889166666666
0.9547356666666666
0.9547356666666666
0.9547356666666666
0.9547356666666666
0.9547356666666666
0.9547356666666666
0.9547356666666666
0.9547356666666666
0.9547356666666666
0.9547356666666666
0.9547356666666666
0.9547356666666666
0.9547356666666666
0.9547356666666666
0.9547356666666666
0.9547356666666666
0.9547356666666666
0.9547356666666666
0.9547356666666666
0.9547356666666666
0.9547356666666666
0.9547356666666666
0.9547356666666666
0.9547356666666666
0.9547356666666666
0.9547356666666666
0.9547356666666666
0.9547356666666666
0.9547356666666666
0.9547356666666666
0.9553160833333333
0.9553160833333333
0.9553160833333333
0.9553160833333333
0.9553160833333333
0.9553160833333333
0.9553160833333333
0.9553160833333333
0.9553160833333333
0.9553160833333333
0.9553160833333333
0.9553160833333333
0.9553160833333333
0.9563608333333332
0.9563608333333332
0.9563608333333332
0.9563608333333332
0.9563608333333332
0.9563608333333332
0.9563608333333332
0.9563608333333332
0.9563608333333332
0.9563608333333332
0.9563608333333332
0.9563608333333332
0.9563608333333332
0.9563608333333332
0.9563608333333332
0.9563608333333332
0.9563608333333332
0.9563608333333332
0.9563608333333332
0.9563608333333332
0.9563608333333332
0.9563608333333332
0.9563608333333332
0.9563608333333332
0.9563608333333332
0.9563608333333332
