0.954802
0.9535085
0.95306075
0.952613
0.9524140000000001
0.9522149999999999
0.9520657499999999
0.95176725
0.9517175
0.95166775
0.9514687500000001
0.951419
0.9512697499999999
0.95117025
0.9509712499999999
0.9509712499999999
0.95087175
0.95087175
0.95077225
0.9507225
0.9506727500000001
0.95057325
0.95047375
0.95047375
0.95047375
0.9503244999999999
0.95027475
0.95027475
0.950225
0.9501752499999999
0.9501255
0.95007575
0.9500259999999999
0.94997625
0.9499265
0.94987675
0.94987675
0.94977725
0.94977725
0.94967775
0.9495782500000001
0.9495782500000001
0.9495285
0.9495285
0.9494290000000001
0.94937925
0.94937925
0.9493294999999999
0.9493294999999999
0.94927975
