99.62273723376498 6.351072123683895 2.046656701431154 
98.42740870676735 5.4806727598483995 3.3004261138347752 
88.96128724775117 6.189504232425065 2.1761129370856502 
88.96128724775117 6.189504232425065 1.7229116517511613 
98.57399272601236 9.903201033731648 1.6943359125598492 
99.60486109050281 5.492505555909049 1.7924962240468019 
94.02713495745279 6.182815050631429 1.8902379676996421 
99.21541054425647 6.232640431134759 1.3789636009201276 
99.22804424199599 9.762912001242242 1.8135088730495905 
99.25016311842123 6.489922841836032 2.046656701431154 
98.59397613720277 9.564085808960618 3.3004261138347752 
99.22804424199599 9.762912001242242 1.5448093098459197 
98.72526712812166 6.057852509996904 3.7091740535097038 
98.61896906424847 9.592585222774035 1.8728680314561446 
98.54073896407836 7.221420548002298 1.6790433328258125 
98.60319105156401 9.818018541870646 1.6579412380885308 
89.19689596460786 6.263720184605736 1.3789636009201276 
97.30700544912663 9.336382076587839 1.8324059704811773 
99.22804424199599 9.762912001242242 2.208770301363278 
98.60319105156401 9.818259000022826 1.619185147358569 
97.31094943890479 9.709935614131703 1.8247435549257145 
99.61772767177739 6.189504232425065 1.4375369760757033 
99.2152897354551 6.232640431134759 1.4983933545790928 
99.21541054425647 9.331350858088742 1.3789636009201276 
81.75753555095945 4.606616435100501 1.8887618043155763 
98.59397613720277 6.279648619284704 1.9939749774054398 
97.56541186831419 7.221420548002298 1.5207930770789697 
98.40888428969274 7.169140250994712 2.3945988762445602 
98.40888428969274 7.169140250994712 2.3945988762445602 
99.25016311842123 6.489202134264221 2.3942977944280885 
99.24502546722198 6.302021392928891 1.8746882107078555 
99.25353413853168 9.878653070320764 2.198499843865788 
98.54073896407836 7.098824116270176 1.5909224199632006 
99.67109255070727 7.169140250994712 2.200594338080651 
98.45442414710058 3.5241706273629 2.047692387090242 
98.42233672333371 5.492505555909049 1.6311833930199067 
86.59190128224421 7.180617966308178 1.723932453415462 
98.60991863263922 9.924435294909848 1.8281082875098118 
98.62255233037872 9.785500645684866 2.1424163523602195 
98.4454718377632 3.5241706273629 2.3817537972220526 
98.59397613720277 6.512924517986183 1.9939749774054398 
84.92768269708458 5.840988067109027 3.747614875085588 
99.67267798391487 9.458709661908197 1.9809945804728475 
98.5624354721449 6.549624442133381 1.894333075668831 
97.31094943890479 9.336570484159845 1.8639266073639582 
98.55377570644461 6.82463517328064 1.677615559250619 
99.30971010137607 6.218270454048783 2.809491935252733 
98.5624354721449 6.352826809937458 1.8143378621899997 
99.5704844811664 3.527540272410079 2.0181699395171506 
99.34005540359993 3.5241706273629 2.0181699395171506 
