99.68745749384921 7.129179171362746 3.7899156891904595 
91.92714985340103 8.134351141170805 2.13581614718282 
99.08801789954944 8.841518211717531 3.074629077823151 
98.98307833463544 7.937871882978377 3.4799567159708698 
98.97214502302013 8.985184163735198 3.114666843280203 
99.50045063562207 5.68973024592953 3.829888829521829 
98.62774734484451 8.099987821494155 2.2363032710011677 
92.75136740671772 8.564800663802128 3.863063374505717 
99.44306476330912 6.047104794342731 2.1341281424010297 
94.1922326585786 6.193184445885025 3.207433046490626 
98.8008380325137 7.939073349184275 3.9560933481969935 
99.0810912400546 8.85289349244016 2.13581614718282 
98.09509578752949 9.571966778498657 2.107694726471811 
99.2468477736226 7.430187570877539 3.799735050861972 
98.2336478284117 8.099987821494155 2.084699029041721 
99.44306476330912 6.047104794342731 2.1250229316252005 
99.09223756178639 8.111086861727872 3.0750091077040134 
99.35280147727242 7.040250039356981 3.9530609736155005 
95.04645612673734 6.2038217838373155 2.7016870746545716 
99.76106492605922 8.486521733585482 3.1555303755199478 
99.06348482358135 4.742837929458207 2.1470725372057524 
91.5208909691504 8.095912067655306 2.191559306797281 
99.2468477736226 8.42768855487971 3.5467054034981857 
92.11397151049933 8.10034268463403 2.217562591421211 
97.74513835658735 8.129899816943517 3.9560933481969935 
98.55940405864816 6.690415406804212 3.775651419512978 
99.769479473185 7.8835520528645855 3.405575953249534 
99.99106043671931 7.8835520528645855 2.867603081842787 
99.0954351169908 9.13938300665689 3.0559955625312596 
98.56324676269887 8.886766728247814 3.6709383420084647 
87.22703183355522 8.650565105943365 2.288444629465606 
99.2468477736226 8.90642042785803 3.799735050861972 
99.50045063562207 8.27239295294987 3.8584212097474566 
99.41629345351026 5.2150229638678915 3.754828661040049 
99.28271764449711 6.787525308509314 3.0619982580123426 
99.07886129428037 9.11861233360257 2.3677999472906834 
99.4474242195318 8.129817688481646 2.1341281424010297 
99.05026879532565 7.105979871362138 3.2071809728809675 
85.02017330036523 8.111086861727872 3.2781514875688553 
98.86897723972557 5.41849214184088 3.557489988934975 
98.55475086619141 9.370434043000554 3.7900705357326547 
93.24681564956167 7.129179171362746 3.7899156891904595 
88.10134488966236 5.3118606458733755 3.1759241148570223 
99.22161366633787 8.645832670215547 2.143349641615581 
91.49885529449377 7.217533841008622 2.1577226603179582 
99.79556245723192 8.426798286255776 2.1577226603179582 
98.01382082229392 8.101909201110423 1.8539498986382006 
99.84762820301339 8.486521733585482 3.114666843280203 
99.54981897945412 5.2150229638678915 3.754828661040049 
99.43733027781988 5.41849214184088 3.557489988934975 
