92.68758552074584 9.147563070024699 2.3897877143770874 
97.38705839226554 6.757662129177485 3.6111736671089245 
99.38284935309457 9.156056949868423 1.643574033160248 
99.45266672486345 6.543553289738028 2.9714411445419167 
99.25192228521036 9.439182828423286 1.2435751366349777 
99.68875640778171 9.54989441200528 3.345692533721602 
99.50011489827773 7.998613889343354 3.3004308989989517 
99.68875640778171 8.016882802455141 3.345692533721602 
99.59994312734597 8.002702013480295 3.246289646136159 
99.40951916251308 6.757662129177485 3.580553748021545 
99.39910960930204 9.156056949868423 3.2755242130789646 
98.27624440364434 7.2055758945271 3.0131680236560636 
99.65097159991774 9.439182828423286 1.2435751366349777 
99.41724730718245 6.670907847022231 2.787774883171222 
99.41156457937664 7.121624800905116 3.2817322610517263 
99.4182656727718 7.449308625978552 3.0120248840979045 
99.62402723458014 9.080145412202677 2.4286368716980498 
99.78206851214742 6.821427617273656 3.571391477491013 
99.7658487554268 2.966722826538912 2.519243808869046 
99.45258595170472 9.050360665284561 2.9745989734757474 
99.60403526931692 8.495706299121426 3.4483345867589486 
99.4126560022934 7.814876290311766 3.338238244827772 
98.14647115171792 8.914433464296296 2.508921261413132 
99.6132697312135 7.1569158100410295 2.286107744240555 
99.61403549432525 7.121624800905116 3.2615630583945943 
99.40014645409205 7.998613889343354 3.479725571200208 
99.40951916251308 6.757662129177485 3.3430318284908034 
99.48673169447127 8.467752887089228 3.2549795973185094 
99.39920071763383 7.013887232453975 3.338238244827772 
99.40132757363281 9.439182828423286 1.2435751366349777 
99.39920071763383 7.642523728874098 3.3227277815414533 
99.79194344213232 9.730539065481866 2.13572694948246 
99.41724730718245 6.670907847022231 3.339248665521467 
99.41276438527018 9.141204477799828 2.9852220328171786 
99.26882988107147 9.737741001503199 2.13572694948246 
99.41825869936632 7.998613889343354 3.3004308989989517 
99.6783510209963 9.156056949868423 3.6374768495638494 
99.48673169447127 8.467752887089228 3.2755242130789646 
99.95605007709011 9.156056949868423 1.635311636207243 
99.27102800240309 8.910819084330054 2.508921261413132 
99.6578513556188 3.3316133201221017 2.519243808869046 
98.53522966174737 9.1562016119011 3.0124817922677627 
92.68758552074584 9.017431948508722 2.521378015590728 
99.78347086207259 9.84849403070817 2.3393060191446398 
99.4126560022934 8.807093155171618 3.3183110691303135 
99.41423463989601 4.573499940105199 3.3622209873207547 
99.2540932950366 9.054582734687969 2.13572694948246 
90.61438100395432 7.004392059017411 2.286107744240555 
99.7606228492655 9.730539065481866 2.13572694948246 
99.60403526931692 9.557878364011785 3.246289646136159 
