0.9065925
0.9085725
0.9085725
0.908655
0.9098925000000001
0.9098925000000001
0.9098925000000001
0.9098925000000001
0.910305
0.9110475
0.9115425
0.9130275
0.9130275
0.9130275
0.9130275
0.9130275
0.9130275
0.9132750000000001
0.9132750000000001
0.9132750000000001
0.9132750000000001
0.9132750000000001
0.9146774999999999
0.9146774999999999
0.9146774999999999
0.9146774999999999
0.9146774999999999
0.9146774999999999
0.9146774999999999
0.9146774999999999
0.9150900000000001
0.9150900000000001
0.9150900000000001
0.9150900000000001
0.9150900000000001
0.9150900000000001
0.9150900000000001
0.9150900000000001
0.9150900000000001
0.9150900000000001
0.9150900000000001
0.9150900000000001
0.9159975
0.9159975
0.9159975
0.91608
0.9169875
0.9169875
0.9169875
0.9169875
0.9169875
0.9169875
0.9169875
0.9169875
0.9169875
0.9169875
0.9169875
0.9169875
0.9169875
0.9169875
0.9169875
0.9169875
0.9169875
0.9169875
0.9169875
0.9169875
0.9169875
0.9169875
0.9169875
0.9169875
0.9169875
0.9169875
0.9169875
0.9169875
0.9169875
0.9169875
0.9169875
0.9169875
0.9169875
0.9169875
0.9169875
0.9169875
0.9169875
0.9169875
0.9169875
0.9169875
0.9169875
0.9169875
0.9169875
0.9169875
0.9169875
0.9169875
0.9169875
0.9169875
0.9169875
0.9169875
0.9169875
0.9169875
0.9169875
0.9169875
