0.9174825
0.9169875
0.9157500000000001
0.9155025
0.9152549999999999
0.9150075
0.91476
0.9145125
0.9145125
0.9140175
0.9130275
0.91278
0.9125325
0.912285
0.9120375000000001
0.91179
0.9115424999999999
0.911295
0.911295
0.911295
0.911295
0.9110475
0.9110475
0.9110475
0.9108
0.9108
0.9108
0.9108
0.9105525
0.9105525
0.9105525
0.9105525
0.9105525
0.910305
0.910305
0.910305
0.9100575
0.9100575
0.9100575
0.9100575
0.9100575
0.9100575
0.9100575
0.9100575
0.9100575
0.90981
0.90981
0.90981
0.90981
0.90981
