97.38830897728982 9.743911341559567 1.0345900142735558 
97.73211044035203 9.260870662289662 2.1920833721722186 
98.67251606610921 9.171906595787423 1.0549666777171514 
96.48079509599513 9.755319759168765 2.8648133851615634 
88.29451652268504 9.69851725086623 2.9619928503581887 
99.36558278996571 5.313080716054752 2.254673533152671 
96.99763176877917 9.487592037320944 1.7598261862390974 
95.85252144412519 8.910071068957246 1.2361967582835083 
97.4003920298278 9.318044572689505 1.0594690021867494 
89.66197817264114 7.419188152233288 1.053949999244266 
90.4549476482005 8.911190460972866 1.4083828698568286 
97.98918198101761 8.967849028211203 2.9054263038795622 
88.67320664359282 9.260870662289662 2.1920833721722186 
74.11321035786335 9.667167252528957 2.9619928503581887 
98.76165801099171 9.718801807508756 3.0563346323978986 
98.4917141384077 7.609808186527506 2.930461739849397 
99.75985237709662 9.766712900258325 1.0534773218573563 
97.98918198101761 8.948772411779794 2.930461739849397 
88.07617707870443 8.406809583600301 1.5393984962247678 
90.05491712690079 9.764707501024867 1.0696718806024086 
89.94720471420334 7.499977316558753 1.1627645525929906 
92.29300140364158 9.962854208967368 2.365093041722708 
80.01000292247647 5.288452975127383 2.228979283550668 
98.78735952815592 8.89936416380969 1.0549666777171514 
98.64776729738026 9.73776271818192 3.1261537461457958 
92.08896626254031 8.911190460972866 1.4055237903189148 
92.52195711713648 9.766712900258325 1.1037857007488365 
99.5786350402049 5.821112569442327 2.254673533152671 
98.58939091530503 9.177536889335835 1.0549666777171514 
95.85252144412519 9.297572459901552 1.2361967582835083 
98.67251606610921 8.89936416380969 1.0549666777171514 
94.47408766609907 9.690554332462238 1.2356367730106825 
98.72903516743119 9.718801807508756 2.9007507754737523 
98.0094098828243 9.753045899311996 2.8109779988583634 
80.00317023918251 9.293619215022423 1.009167493836527 
98.91969780601859 8.864859643732645 1.7671320077010633 
85.21042157402555 9.332693263921765 1.403904705380783 
87.61313168398802 8.406809583600301 1.5787824496319385 
98.71701372455585 9.307218902543323 1.5814348624588275 
99.18140911681255 9.753045899311996 2.8109779988583634 
99.76029833192317 9.919180584527961 1.0547438675112504 
88.01023595612142 8.406809583600301 1.5787824496319385 
88.29451652268504 9.712701737221163 1.2052591967485258 
98.32776561042722 6.075448482182024 1.2239895723945402 
98.61497777523776 8.773686387176822 1.5799734568109371 
96.61357018942667 9.78865098399367 3.246342064578929 
92.51817022184136 9.743911341559567 1.059414329949328 
97.38830897728982 9.766712900258325 1.0528303779356913 
98.7320288896238 8.899359128807816 2.9487442553360963 
92.41942219931047 9.764707501024867 2.1798770614090204 
