99.77153936001633 8.762898883790067 2.6996501567915 
95.75463021201725 7.909034858998979 2.6996501567915 
96.2027688623539 7.911544280025107 2.049988154253103 
90.52010336414435 8.5054137548199 3.810061623337355 
84.06778143447305 6.833343434835797 2.5233322465178736 
97.80924608777035 7.902566006805385 2.719012070559301 
99.60897179652738 6.833343434835797 2.719213393852514 
99.3127746650818 7.235356194446494 1.2049817885119394 
99.57945586932222 7.850393585247826 2.430559301277771 
99.6550184232683 8.278668713018796 3.6392883284713395 
94.65685939952662 8.155222896151447 3.451189619334528 
94.98914031660435 8.225471485903915 1.3338181825151505 
93.78526833082994 7.861084213870791 1.7905750161312999 
95.4942693150386 8.762898883790067 2.6996501567915 
92.08481327642433 7.4763811218560035 3.033004119399682 
94.61129747465218 6.229335549899618 3.0472568198560435 
92.10186536122748 8.445555112015285 2.9999786155613837 
99.16208101744805 7.822113721784633 3.723555607313912 
96.97599010064108 6.233092977521206 3.0472568198560435 
94.91731594234913 6.228051009990714 2.766587418311962 
96.03120744929878 7.934981749940354 2.864928803038905 
99.60830118119539 6.832504653480484 3.6133969210341172 
86.43068916079518 8.043489529596187 1.6645803518086737 
97.68990401235102 8.566289563465851 1.4607022848781037 
97.15802651735011 7.911544280025107 3.0310487921126548 
98.39278439312993 6.259453299536394 1.007715173517555 
99.09071105838498 6.766153333957821 3.6878990195284205 
99.81240874869202 7.864022595732572 2.2260784506119733 
90.62690571928759 9.527977637165302 3.4692588329482916 
96.03120744929878 6.129918041671056 2.862787105751405 
94.68034705194036 8.563186308171028 1.185293542609156 
93.72601316895029 7.934981749940354 2.862787105751405 
99.79084602780509 6.7550377590254245 3.0177852583554703 
93.45230518733209 7.48722281710832 2.1017676652609 
95.9713134414078 8.22483049653037 1.191517906697785 
94.65685939952662 9.03102077081821 2.930046668517303 
94.68034705194036 8.595941271649549 1.2790716942354976 
97.15802651735011 8.869133558380634 2.8614424918507093 
96.2027688623539 7.911544280025107 2.00821712582963 
94.94415876901988 8.445555112015285 3.905424180489724 
99.57276994047186 8.125780440890564 2.569032291272173 
94.65685939952662 8.397308177778218 3.446970490472271 
94.65685939952662 7.77031312725901 3.451189619334528 
99.6395910368789 6.843919084683782 3.4690210078733936 
94.61129747465218 6.1893627845860575 1.066319046835333 
99.16208101744805 7.825330558601406 3.723555607313912 
99.57275434178185 7.501682037564053 2.431031153127079 
94.61129747465218 6.2280470285851575 2.766587418311962 
99.5543420741627 8.125780440890564 3.4365379230147677 
99.79084602780509 6.7550377590254245 2.9582166394637124 
