98.90141554596194 8.759890451778487 1.32269783831086 
99.5466339764345 8.427513551694714 3.467815309676138 
92.89126136646082 9.55061724449519 1.4767870945551984 
88.81124629047156 7.19026490225835 3.4672546046311528 
97.00673807204758 8.28115288101705 3.7770005144200534 
99.5981512258628 9.841851900653161 3.984069485742001 
99.65144772531752 8.756972132954342 3.4632541015190745 
97.27907082705201 7.65582928161052 3.7101260065402615 
99.82616541114928 8.247683559968888 1.8358158807755034 
92.88538727200199 9.676515036141133 1.7288430671205948 
99.42927322582912 8.395021152988463 3.468503123245594 
97.05292172676538 9.103808669881001 1.6114837005438725 
98.38463118360397 7.81446397991048 1.6985168912882023 
96.66361356042061 9.558754193437935 3.5946205886881843 
99.44967718287559 8.408493318591301 3.1591009647225827 
99.73257914218262 8.376353953495535 3.210402683092316 
99.44113966019074 7.222682900357259 1.933985042996762 
96.38427742535455 8.978262612989484 3.978602966627326 
97.28177642364106 7.65582928161052 3.7087933081413245 
96.65376603589831 8.372633800101415 2.0582471375451763 
99.770684671438 7.94039846275479 3.1528923090923775 
96.65584815094518 7.711277776624303 3.4551056179694357 
99.73257914218262 7.539296790323216 3.2747689557587427 
99.64665017115198 7.660196783967585 1.9071263675214083 
92.9116104172783 9.359346540023541 1.771845682139256 
97.05341599158119 8.517703296168486 2.872300191086087 
97.0061982416886 5.808129621680871 3.8291408720759996 
99.96673999049878 8.05225535161418 1.7965559533390745 
88.75286066182248 5.821887536298105 3.8264863571273535 
93.71473413599894 5.82725443678786 3.8264863571273535 
99.98856684060925 8.420289921418709 3.468503123245594 
99.99100166539591 7.389562647679011 1.7000725216671855 
93.71473413599894 8.164728669244504 3.841389511766225 
99.45442140663022 8.250239962197032 1.7874707248147423 
99.92489291754433 9.671700676239414 3.9793479629194093 
97.00673807204758 8.28115288101705 3.8384405474852925 
97.28876992995616 7.144746772937469 3.1835351988353104 
98.38463118360397 7.389562647679011 1.6979441479441841 
99.6267921426439 8.041013122806023 1.927812172435524 
99.63085924088894 7.532006821298161 1.7000204122869627 
97.05292172676538 7.3535658250316 2.048579446987336 
99.58549194338026 8.041013122806023 1.9168901709375523 
99.68752206296935 8.05225535161418 1.7965559533390745 
99.44967718287559 8.567515193756154 3.1591009647225827 
97.28876992995616 7.935546015816781 2.0839977331556154 
99.59406827683023 8.196380397854714 2.0812949544446373 
96.66883718838939 7.421683014981211 3.4551056179694357 
99.73257914218262 7.539296790323216 3.207613642984614 
99.92489291754433 8.964824299379277 3.9793652589410344 
93.71473413599894 4.788658366123573 3.8264863571273535 
