1132.0 1.0 
1146.0 1.0 
1158.0 1.0 
1175.0 1.0 
1181.0 1.0 
1182.0 1.0 
1182.0 1.0 
1194.0 1.0 
1197.0 1.0 
1204.0 1.0 
1207.0 1.0 
1207.0 1.0 
1212.0 1.0 
1213.0 1.0 
1216.0 1.0 
1216.0 1.0 
1221.0 1.0 
1224.0 1.0 
1226.0 1.0 
1229.0 1.0 
1229.0 1.0 
1232.0 1.0 
1233.0 1.0 
1236.0 1.0 
1236.0 1.0 
1237.0 1.0 
1240.0 1.0 
1244.0 1.0 
1244.0 1.0 
1247.0 1.0 
1247.0 1.0 
1248.0 1.0 
1248.0 1.0 
1248.0 1.0 
1251.0 1.0 
1253.0 1.0 
1257.0 1.0 
1260.0 1.0 
1262.0 1.0 
1263.0 1.0 
1264.0 1.0 
1264.0 1.0 
1266.0 1.0 
1267.0 1.0 
1269.0 1.0 
1270.0 1.0 
1271.0 1.0 
1271.0 1.0 
1272.0 1.0 
1272.0 1.0 
