1142.0 1.0 
1174.0 1.0 
1176.0 1.0 
1187.0 1.0 
1195.0 1.0 
1218.0 1.0 
1222.0 1.0 
1224.0 1.0 
1225.0 1.0 
1225.0 1.0 
1228.0 1.0 
1231.0 1.0 
1231.0 1.0 
1232.0 1.0 
1234.0 1.0 
1236.0 1.0 
1236.0 1.0 
1237.0 1.0 
1237.0 1.0 
1243.0 1.0 
1244.0 1.0 
1244.0 1.0 
1246.0 1.0 
1253.0 1.0 
1256.0 1.0 
1258.0 1.0 
1258.0 1.0 
1260.0 1.0 
1261.0 1.0 
1261.0 1.0 
1263.0 1.0 
1264.0 1.0 
1264.0 1.0 
1264.0 1.0 
1265.0 1.0 
1266.0 1.0 
1266.0 1.0 
1266.0 1.0 
1267.0 1.0 
1267.0 1.0 
1267.0 1.0 
1270.0 1.0 
1270.0 1.0 
1270.0 1.0 
1271.0 1.0 
1274.0 1.0 
1275.0 1.0 
1275.0 1.0 
1277.0 1.0 
1277.0 1.0 
