1084.0 1.0 
1147.0 1.0 
1150.0 1.0 
1159.0 1.0 
1164.0 1.0 
1171.0 1.0 
1176.0 1.0 
1197.0 1.0 
1207.0 1.0 
1219.0 1.0 
1220.0 1.0 
1221.0 1.0 
1223.0 1.0 
1223.0 1.0 
1225.0 1.0 
1226.0 1.0 
1227.0 1.0 
1229.0 1.0 
1232.0 1.0 
1232.0 1.0 
1233.0 1.0 
1236.0 1.0 
1237.0 1.0 
1238.0 1.0 
1240.0 1.0 
1241.0 1.0 
1244.0 1.0 
1244.0 1.0 
1247.0 1.0 
1247.0 1.0 
1249.0 1.0 
1249.0 1.0 
1250.0 1.0 
1251.0 1.0 
1251.0 1.0 
1251.0 1.0 
1253.0 1.0 
1256.0 1.0 
1257.0 1.0 
1259.0 1.0 
1260.0 1.0 
1260.0 1.0 
1261.0 1.0 
1262.0 1.0 
1265.0 1.0 
1265.0 1.0 
1265.0 1.0 
1267.0 1.0 
1267.0 1.0 
1268.0 1.0 
