0.9274063333333333
0.9278706666666666
0.9298938333333333
0.9306069166666666
0.9306069166666666
0.931917
0.931917
0.931917
0.9325637499999999
0.9325637499999999
0.9332270833333333
0.9332270833333333
0.9338075
0.93385725
0.93385725
0.93385725
0.93385725
0.93385725
0.93385725
0.93385725
0.9344708333333333
0.9352502500000001
0.9352502500000001
0.9366100833333334
0.9366100833333334
0.9366100833333334
0.9366100833333334
0.9366100833333334
0.9366100833333334
0.9366100833333334
0.9372070833333334
0.9372070833333334
0.9372070833333334
0.9372070833333334
0.93783725
0.93783725
0.93783725
0.93783725
0.93783725
0.93783725
0.93783725
0.93783725
0.93783725
0.93783725
0.93783725
0.93783725
0.93783725
0.93783725
0.93783725
0.93783725
0.93783725
0.93783725
0.93783725
0.93783725
0.93783725
0.93783725
0.93783725
0.93783725
0.93783725
0.93783725
0.93783725
0.9379865
0.9379865
0.9390809999999999
0.9390809999999999
0.9390809999999999
0.9390809999999999
0.9390809999999999
0.9390809999999999
0.9390809999999999
0.9390809999999999
0.9390809999999999
0.9390809999999999
0.9390809999999999
0.9390809999999999
0.9390809999999999
0.9390809999999999
0.9390809999999999
0.9390809999999999
0.9390809999999999
0.9393131666666666
0.9393131666666666
0.9393131666666666
0.9393131666666666
0.9393131666666666
0.9393131666666666
0.9393131666666666
0.9393131666666666
0.9393131666666666
0.9393131666666666
0.9393131666666666
0.9393131666666666
0.9393131666666666
0.9393131666666666
0.9393131666666666
0.9393131666666666
0.9393131666666666
0.9393131666666666
0.9393131666666666
0.9393131666666666
