0.9381855
0.9365935
0.936494
0.9359467499999999
0.93554875
0.9344045000000001
0.9342054999999999
0.934106
0.9340562499999999
0.9340562499999999
0.9339069999999999
0.93375775
0.93375775
0.933708
0.9336085000000001
0.933509
0.933509
0.9334592500000001
0.9334592500000001
0.93316075
0.9331109999999999
0.9331109999999999
0.9330115
0.93266325
0.9325140000000001
0.9324145
0.9324145
0.932315
0.9322652499999999
0.9322652499999999
0.9321657499999999
0.932116
0.932116
0.932116
0.93206625
0.9320165
0.9320165
0.9320165
0.93196675
0.93196675
0.93196675
0.9318175
0.9318175
0.9318175
0.93176775
0.9316185
0.9315687500000001
0.9315687500000001
0.93146925
0.93146925
