96.76091702775162 6.68653252049009 1.7582273735452696 
99.97836331751498 7.483054575159509 2.793849295812646 
99.95370908389425 6.749090399079248 1.8620936026993664 
95.56200859830233 4.812019919873339 1.8651389804828713 
99.87493900348417 3.3596800502488975 3.2905751448616205 
99.08871547485774 6.680821387464364 2.7573694249009844 
99.98153906070301 9.187250585585334 2.954155097860975 
99.53005789582491 9.180468161334002 2.677077470460885 
99.03241518976135 9.451522781113244 1.8413582893540168 
97.22458889185027 5.276627084862986 1.622118663666457 
97.50662011517032 6.148334697627467 1.954651830633999 
95.62089602901302 4.473959524077735 1.5710217126803576 
97.56400388171834 6.166313285270403 3.1375664559364456 
99.94498229518135 9.187250585585334 2.954155097860975 
99.93944124065293 9.187250585585334 2.954155097860975 
85.94178083474831 6.0572260805109135 1.6632100111932322 
99.09383266114264 6.0572260805109135 1.6740416469331825 
95.52522619286064 6.68653252049009 1.5785844698392044 
99.99867976678566 6.066229844238141 1.8655635474315564 
97.57194684208254 6.2057526921374855 1.4457542834168526 
99.74279389811632 9.172812683270722 2.6716743842059456 
99.99511883054303 6.4915979107719455 2.038072248534712 
97.23120600514294 6.68653252049009 1.622118663666457 
97.10300637240002 7.1772593872315 1.8022732820700453 
99.97836331751498 7.483054575159509 2.793849295812646 
96.76091702775162 5.111947162184714 1.6218586495282619 
99.79888219149582 8.952195819989722 1.7973715564906776 
99.94311051952994 5.186098945502762 2.0382669317655466 
89.75242053038855 3.3457054887509354 2.778141501416126 
99.87493900348417 3.3596800502488975 3.06706553228379 
95.34904674991785 9.125810537861666 1.8409324833565497 
96.44327592749558 5.114786604253411 1.4892249450738317 
95.57381549492217 8.959860919873798 1.72720379174882 
94.87569279119866 8.90600487761642 2.7582820493945412 
99.45872227889346 7.929571449277528 2.6716743842059456 
99.70788718844878 9.200431561310207 2.813772892449352 
99.87493900348417 6.725669684998236 2.874083896884986 
99.87493900348417 3.3596800502488975 2.9926299885669483 
99.69421013495254 6.70219715256498 1.8620936026993664 
99.09254200815744 6.049320425925356 1.7238073968747725 
99.97836331751498 7.483054575159509 2.793849295812646 
96.66716620374528 5.4682993620484535 1.664050106150402 
99.99857114379571 5.103473581488035 1.8655635474315564 
98.54793635129839 7.529835299128422 2.784117101685357 
99.99857114379571 5.04887317205509 1.7842380653400407 
94.71358780590312 8.834377112787061 1.8150438613272568 
94.70493038486133 8.989453073341274 1.7521169515025534 
99.86170412309305 6.0572260805109135 1.6740416469331825 
95.07612101047546 6.68653252049009 1.651011696493807 
99.96459333618091 7.483054575159509 1.5878461844131493 
