99.57434816760207 8.246638530210848 1.6051059241723251 
99.68510545884705 8.379419428242056 3.5264834433428165 
98.7995447363783 9.721432995919356 2.5696748573318446 
99.49203548200583 5.743849312487169 2.4235126012007604 
99.46828097599544 8.983155346509687 1.9076351047400357 
99.64766103626022 9.404768417566805 3.4781270315306716 
98.96350845145088 9.471134231292293 3.247790865820254 
99.4947760857239 8.429777151663801 3.6830490139614005 
99.8489933807959 9.718326848647731 1.641153065294975 
99.67111370848552 9.752478532358026 3.8820712100676222 
98.83797084537626 9.721432995919356 2.6504567045682625 
99.04746069192066 9.792286916001174 1.9127862039589583 
99.66605740739902 7.2039025454690515 1.9502281653527196 
99.7666305266837 9.837199331214846 2.8539829403171 
99.71509430219076 9.596510430104898 3.138970398524223 
99.67111370848552 8.438621642380847 3.9766898719330466 
99.63509912816693 9.485866459786672 2.019800553671643 
99.65971266906524 7.197311256035965 3.4498359548485684 
94.44653734988275 5.902351655633664 1.4859740974676439 
99.61165779496318 9.146879683127645 3.4791352017816877 
99.71492495024359 9.588793382747882 3.136988695407017 
99.71492495024359 9.588793382747882 3.2340038729578624 
98.54714294740083 9.598929653425676 3.0746139981881493 
98.3353092735478 7.747129760128173 2.0122154042941265 
94.44653734988275 5.902351655633664 1.4702195546965826 
99.82286056055598 8.001182515894005 3.439960496438034 
97.3746088605284 8.379419428242056 3.527057339738205 
99.46759608423353 9.804754225794685 1.9076351047400357 
99.66138119220734 7.19795828853519 3.6138075396218423 
99.57664326916436 6.843403696234302 1.6051059241723251 
98.96143734968017 7.039619871002861 2.760071851504784 
99.65971266906524 7.923052912737516 3.426809464102333 
99.3831737907431 9.90254558613876 3.9758772178818482 
98.94650365835174 9.814269255888863 1.7130823625925231 
99.06862949424446 7.02159186330614 2.7614850123565367 
99.76454856363566 7.945780422667405 3.981374049614775 
98.7995447363783 9.724233474344693 2.013485848479089 
99.3831737907431 9.90254558613876 3.141849116998171 
94.67745288677797 9.551594772331377 3.9728626277782095 
97.40257558796708 8.103936603845632 3.5152953662044952 
99.84876455481553 9.837199331214846 1.934979553902987 
95.89673658710285 7.299458910844205 1.965106840049494 
99.61124675558956 9.146879683127645 3.4498588455487735 
93.2269868104294 9.450507875154637 3.4791352017816877 
99.5818494670479 6.843403696234302 1.6051059241723251 
99.87360479212188 9.599621205800688 3.136988695407017 
99.65971266906524 7.215162329258483 3.583041991668011 
94.22487256786133 9.556070303996087 2.0122154042941265 
94.47068260229797 4.676076039131642 1.4388528568731285 
97.36789405355142 9.822023045580874 2.4235126012007604 
