97.007214226521 9.823337556892744 1.8242835894438274 
98.28190871967205 7.750049514994222 3.5893631650221995 
99.77155830760194 7.533694916469042 3.6068145723422225 
99.80972624062726 9.020973908577751 3.6412587305722806 
99.87709447992013 9.606983697764147 3.3588519168732507 
97.00745218949113 8.302259412230722 2.639496898076516 
99.77155830760194 7.533694916469042 3.6068145723422225 
98.67661914562215 7.599156791047003 2.538580293520457 
99.6825710182395 9.260854418375487 2.7661701797355613 
98.04926555412428 7.561816267075741 3.4552174966499685 
97.46719737628305 9.819699394009016 3.0316110159088163 
98.87516505176981 9.542769156303102 3.2114816881458363 
99.15916494609854 9.823337556892744 3.243191433466092 
96.61716192704625 8.202778098811251 3.430887284494272 
98.70056335705493 9.764062828781697 2.680949538350154 
99.3661862585519 9.614235248123556 2.801806444558382 
99.82190613199204 7.460866999696232 3.6412587305722806 
99.81848670155213 7.454927836516475 3.595087482805557 
98.0618038030568 8.20065856374745 3.4082677963796586 
98.41319333173814 7.487640230088447 3.0222138098054203 
99.68647896649763 8.868406600091713 3.3622911487553404 
95.13791638260713 7.0171305665439005 3.048148900299351 
99.81341417303382 7.454927836516475 3.5843033005518152 
99.12393119403762 9.769231886169564 3.232793190999875 
98.72472475179612 7.481309762296178 3.6455233941804153 
99.250706678555 9.12690077560136 3.233356767373893 
98.04926555412428 9.8669725785321 3.96823246714833 
97.63130067815914 9.723238333163332 1.8242835894438274 
98.75312916105355 9.465534459824772 3.108527594270754 
98.04926555412428 7.561816267075741 3.9347468119480276 
99.82190613199204 7.460866999696232 3.8897111500341612 
95.20075343962633 2.874810110939367 3.739228523432998 
97.67729858203856 9.924640164271906 2.6855610262275604 
99.67775090610483 8.734667682388565 3.5902758462617266 
98.66096995274498 5.558215699903812 3.6410390427490116 
96.61716192704625 7.4125261904133914 3.403668687980717 
97.007214226521 9.823337556892744 1.8242835894438274 
97.17103914252961 7.066779890010668 2.5398865749619692 
90.31213693824682 4.034549801075024 3.2821012460992818 
99.81848670155213 7.454927836516475 3.595087482805557 
93.29632451405624 5.021536683385228 3.102812985653293 
93.41381704872168 5.564463080190436 3.9347468119480276 
98.71782830677256 9.12690077560136 3.6410390427490116 
98.87516505176981 9.614299517670757 2.8022591136973682 
99.85769015854851 7.454927836516475 3.6134568370058373 
99.82992956568071 9.12690077560136 3.325436382903189 
96.61590125511864 9.719735345681777 2.644887390775374 
98.72472475179612 7.481309762296178 3.6455233941804153 
99.81341417303382 9.788186041209944 3.5911122687446726 
98.66096995274498 5.558215699903812 3.5902758462617266 
