0.9647593095238095
0.9890015714285715
0.9892053095238095
0.9894090476190476
0.9896364761904762
0.9896838571428571
0.9896885952380953
0.9897359761904762
0.9897691428571428
0.9897833571428571
0.9898354761904761
0.9898686428571427
0.9898923333333333
0.9898970714285714
0.9899018095238095
0.9899018095238095
0.9899018095238095
0.9899065476190475
0.9899065476190475
0.9899065476190475
0.9899160238095237
0.9899160238095237
0.9899255
0.9899349761904762
0.9899349761904762
0.9899491904761905
0.9899491904761905
0.9899586666666665
0.9899586666666665
0.9899634047619047
0.9899634047619047
0.989972880952381
0.989972880952381
0.989972880952381
0.989972880952381
0.989972880952381
0.989972880952381
0.989972880952381
0.989977619047619
0.989977619047619
0.989977619047619
0.989977619047619
0.989977619047619
0.989977619047619
0.989977619047619
0.989977619047619
0.9899823571428573
0.9899823571428573
0.9899823571428573
0.9899823571428573
