304.0 1.0 
305.0 1.0 
306.0 1.0 
309.0 1.0 
310.0 1.0 
313.0 1.0 
314.0 1.0 
314.0 1.0 
315.0 1.0 
315.0 1.0 
316.0 1.0 
317.0 1.0 
318.0 1.0 
318.0 1.0 
319.0 1.0 
319.0 1.0 
320.0 1.0 
322.0 1.0 
322.0 1.0 
322.0 1.0 
323.0 1.0 
324.0 1.0 
324.0 1.0 
324.0 1.0 
325.0 1.0 
325.0 1.0 
325.0 1.0 
325.0 1.0 
326.0 1.0 
326.0 1.0 
327.0 1.0 
327.0 1.0 
327.0 1.0 
327.0 1.0 
327.0 1.0 
328.0 1.0 
328.0 1.0 
328.0 1.0 
328.0 1.0 
329.0 1.0 
330.0 1.0 
330.0 1.0 
330.0 1.0 
331.0 1.0 
331.0 1.0 
331.0 1.0 
331.0 1.0 
332.0 1.0 
332.0 1.0 
332.0 1.0 
