0.9777201666666667
0.9781679166666667
0.9783005833333333
0.9786488333333333
0.9786488333333333
0.9786985833333334
0.9786985833333334
0.97873175
0.97873175
0.97873175
0.97873175
0.9791297499999999
0.9793950833333332
0.9793950833333332
0.9793950833333332
0.9793950833333332
0.9793950833333332
0.9793950833333332
0.9794448333333333
0.9794448333333333
0.9794448333333333
0.9794448333333333
0.9794448333333333
0.9794448333333333
0.9794448333333333
0.9794448333333333
0.9794448333333333
0.9794448333333333
0.9794448333333333
0.9794945833333334
0.9794945833333334
0.9794945833333334
0.9794945833333334
0.9794945833333334
0.9794945833333334
0.9794945833333334
0.9794945833333334
0.9794945833333334
0.9794945833333334
0.9795775
0.9795775
0.9795775
0.9795775
0.9795775
0.9796106666666667
0.9796106666666667
0.9796106666666667
0.9796106666666667
0.9796106666666667
0.9796106666666667
0.9796106666666667
0.9796106666666667
0.9796106666666667
0.9796106666666667
0.9796106666666667
0.9797101666666667
0.9797101666666667
0.9797101666666667
0.9797101666666667
0.9797101666666667
0.9797101666666667
0.9797101666666667
0.9797101666666667
0.9797267500000001
0.9797267500000001
0.9797267500000001
0.9797267500000001
0.9797267500000001
0.9797267500000001
0.9797267500000001
0.9797930833333334
0.9797930833333334
0.9797930833333334
0.9797930833333334
0.9797930833333334
0.9797930833333334
0.9797930833333334
0.9797930833333334
0.9797930833333334
0.9797930833333334
0.9797930833333334
0.9797930833333334
0.9797930833333334
0.9797930833333334
0.9797930833333334
0.9797930833333334
0.9797930833333334
0.9797930833333334
0.9797930833333334
0.9797930833333334
0.9797930833333334
0.9797930833333334
0.9797930833333334
0.9797930833333334
0.9797930833333334
0.9797930833333334
0.9797930833333334
0.9797930833333334
0.97982625
0.97982625
