0.979876
0.97982625
0.9797765
0.9796272500000001
0.9795775
0.9794282499999999
0.9793784999999999
0.9793784999999999
0.97932875
0.97932875
0.979279
0.9792292499999999
0.9791795
0.9791795
0.97912975
0.97912975
0.97908
0.9789805
0.9789805
0.9789805
0.97893075
0.978881
0.978881
0.978881
0.97883125
0.97883125
0.97883125
0.97883125
0.9787815
0.9787815
0.97873175
0.97873175
0.97873175
0.97873175
0.97873175
0.978682
0.978682
0.978682
0.978682
0.97863225
0.9785825
0.9785825
0.9785825
0.9785327500000001
0.9785327500000001
0.9785327500000001
0.9785327500000001
0.9784830000000001
0.9784830000000001
0.9784830000000001
