99.61350194695756 5.562706736063072 2.56427049753837 
98.24013055157234 8.070793703618754 2.5480925692749494 
99.1090412379522 4.160554714497546 3.635513312375493 
98.04675148236518 3.709386800627942 2.22327111756634 
98.24004852720746 6.39188476061606 3.891803937182581 
99.80882687289709 5.562706736063072 2.5683083627803986 
97.8574798091655 5.4524223613597576 2.543144238080374 
99.73055980086785 6.509321916306767 3.8127682908774347 
99.61350194695756 5.429988709921196 2.4445321495925727 
96.71286665743412 6.128608226261797 2.0747489458477997 
99.1090412379522 4.244499137585745 3.6339967427152837 
99.58902435883918 4.57472359817885 2.4572908540596687 
99.99938205393998 4.077497417644178 3.885760097598913 
93.07477661124324 4.24129308711302 3.888320937150418 
99.49830167245399 6.144363659398759 2.1439197692205907 
99.61350194695756 6.261998642865389 3.350460516472435 
98.02837518856934 7.035024084732943 2.1161684654459 
98.09863399708755 7.073102237879496 2.119853365349498 
93.53118269936758 6.144363659398759 3.1465726867693387 
99.50488096779935 4.09636092498604 3.8406010156006527 
98.326586673047 8.049941169963096 2.525507227317926 
98.09863399708755 7.073102237879496 2.120094925292679 
97.8574798091655 5.4363420578095845 2.573290944352504 
97.8574798091655 5.625121107841302 2.155128837393881 
95.27696162208194 6.904968870794188 3.864189325631345 
98.68809034501055 5.141268888241175 2.7333195087695112 
93.48400629574867 7.2078515741957645 3.8857070016766455 
98.4469784070165 5.640966492364644 2.9994285948030135 
99.1090412379522 4.244499137585745 3.6339967427152837 
88.86778923458678 7.030051754547018 2.116388188632758 
94.48360917609686 3.050902341392315 2.0658616712572373 
98.1514427300806 7.188830524776613 3.8418301311024394 
99.49830167245399 6.031347573466249 3.841339726961098 
90.07512522192984 7.587203141382146 2.557668965460392 
97.87682236156796 6.628835749522551 2.6480669240196257 
96.20519166960796 5.721312901013052 2.558280859315778 
99.59567661359898 5.7245564211734 2.3851261305448253 
94.3364163929668 4.222992925786059 3.8880622446333 
98.49246918972348 6.159586651267114 3.6381067493480987 
99.61350194695756 5.562706736063072 2.53191813361457 
99.72364585864837 6.509321916306767 2.1439197692205907 
98.19938190726934 5.338296521341151 2.4367712645954476 
94.90998611109312 6.364403209388438 3.6098600769719758 
97.53497233376322 6.836100272630126 3.8837834027636013 
99.72613544550427 2.9598005663484876 2.3022302825574834 
99.66253493012967 5.429988709921196 2.5680406959325897 
98.09704507160212 6.621956916475103 2.123508091705006 
96.13324082583755 6.09526532753876 1.9938820132137276 
99.49830167245399 6.031347573466249 3.3034009722974775 
98.04314766096914 6.144363659398759 2.119576753537074 
