99.44652032901176 8.6757706063452 3.45602084864109 
96.35334102708195 8.184957609842025 2.2375454701467645 
97.73314901544049 9.079458772068762 3.8368519561079157 
96.18452046949537 8.137025152548864 1.7738369773858462 
96.18452046949537 8.13702520665332 1.7738369773858462 
98.54935948163296 6.6678017923870065 1.5191734408227195 
95.86906430725878 9.094178859846268 3.721509890141776 
92.29865583371308 8.50119390607603 1.2082729851445826 
93.96540714984484 7.642947281451165 1.527469505576287 
92.2966945896082 8.530097359122985 1.2336763599214478 
98.0424315628637 8.7181567834037 2.780178633794343 
95.39135437317033 8.137025152548864 1.7738369773858462 
99.41414893501444 7.942935122463497 2.8390430464143352 
92.2966945896082 8.528251426256979 1.2071074973395859 
98.05743655083346 7.225170622213572 1.5776711038021667 
98.3986249699129 9.094178859846268 3.722827896661541 
98.52453280732081 8.382643947585743 2.2386057557397416 
90.51573349424383 5.8680519903119 1.6161201009377248 
95.00365058769678 7.999487528563943 1.3672872667952016 
98.95567332051114 8.13688546964093 1.768966493757138 
99.81388749304531 7.488089570624635 1.5638813935949951 
95.963282321491 8.137025206327968 1.7738965027297955 
95.45265012925354 8.382643947585743 1.7583458649607877 
99.90041915661236 8.320753295058164 2.9571914030132023 
97.36947830240686 8.67677887381003 3.721509890141776 
97.28990175360579 8.382643947585743 2.783908771193719 
94.36444442679358 7.420285540145925 1.7959790609468502 
96.35334102708195 8.382643947585743 2.2375454701467645 
99.4706521838864 2.9242345632260713 3.4635316457005376 
97.36947830240686 9.430063832952492 3.721509890141776 
97.29084251786017 8.390073876492034 2.780423456669657 
92.57044260202062 4.571219509804267 3.6857355579748647 
95.82817096186149 8.224457498633841 2.3286200601314273 
97.191529645128 8.382643947585743 3.736206201294504 
98.06363411733689 8.676345640631506 3.1024513340099285 
99.51578726412788 8.366245666893729 1.2459210973633275 
99.44652032901176 8.6757706063452 2.3401498893961055 
98.52048312129615 8.14331328299342 1.7679463373346682 
94.2188686063135 8.299243567575287 2.84013333283759 
92.80353390349346 5.8680519903119 1.6161201009377248 
99.46982826911062 7.511000372497934 3.4688784563746986 
99.52360222782889 8.13213405383363 1.8969261875745276 
98.59868013136821 9.005707040981294 2.8093855167379873 
99.41817539593846 8.676345640631506 3.1021125263081437 
98.64778282974294 8.224457498633841 1.5592054120699128 
99.01388812237781 8.13688546964093 1.768920488746336 
98.34107516310438 9.103021096330865 3.721509890141776 
96.18452046949537 7.945324914658094 1.7738369773858462 
96.34775248128928 8.227413182565723 2.3286200601314273 
94.2188686063135 8.299243567575287 2.9279840872203495 
