97.55308924474467 8.503333774561142 1.7092287599427776 
94.09443092348724 5.417001693376644 1.9886660720944125 
99.5216790388392 7.457043083676129 3.6572758287461458 
99.04334168856336 7.152214276705694 2.755976813668367 
98.05204489977496 6.766696619450491 2.3777557713923336 
99.4155831577789 9.118550068090975 1.1989294965040238 
96.97921343159577 7.654055853452108 2.0744987008929003 
95.61053791291663 9.343712411040656 2.291460552402347 
99.34285258653765 9.795465503379596 2.2087994220410443 
99.1221059266722 5.993671510544513 2.158778586001187 
98.8402255573196 9.023331667010206 2.4424313836223073 
95.20552964347046 5.873333108917914 2.4812360707392482 
97.86910477691674 7.654055853452108 1.2847979201464939 
96.94782306180694 9.024583118557521 2.2087994220410443 
98.06559136297602 8.666765714981942 1.2909726678178872 
96.9323523893913 8.757925105537492 2.2205985690673424 
98.06678552944804 9.107334474610655 2.3839240647085824 
99.79370294330653 7.867588018609918 1.0648978877633406 
99.79370294330653 7.867588018609918 1.0648978877633406 
96.29202250445978 6.654507598272969 2.3515330009341047 
99.72802102482258 7.654055853452108 1.1477338477923793 
99.72802102482258 5.562275786987008 1.0383652969045385 
99.36145702537901 9.172408383146784 2.2087994220410443 
91.26542031293378 7.738441284812849 1.9357160856623632 
97.94382082968957 8.679523733724206 2.2083137790139777 
96.88535497328276 8.437255350882438 2.137410624461685 
96.8374492633225 7.914773437783501 3.3967444222882754 
97.54021873267651 8.458688278057405 1.6575390635064602 
98.92724877110483 7.152214276705694 2.370371615328921 
96.8374492633225 8.014431175098807 3.3967444222882754 
99.74732205244533 7.654055853452108 1.34902553796944 
95.38403019810428 6.243525404367206 2.3885346801912686 
95.36670447951347 6.284478304776466 1.2651737419345928 
98.77430628349478 8.748893181862503 1.3480888766735881 
97.03314217003886 9.333469385342896 2.205540235562312 
95.36670447951347 5.91172388001719 1.16535134525862 
97.54756277614958 4.598449107073604 2.1155024565046854 
98.6262873923551 7.21132389472888 2.3614054614435505 
97.96296494236027 4.598449107073604 2.1155024565046854 
94.66289015360519 4.527128616887957 2.8341335671661056 
94.95305171362939 8.586533049658865 1.975740950790216 
96.96828617434325 7.654055853452108 1.1477338477923793 
98.92724877110483 6.766696619450491 2.370371615328921 
99.514270270944 9.16722148634887 1.2694881936814668 
97.55308924474467 8.192551991425635 1.7436144658265889 
96.92651350331417 8.813456331787092 2.137410624461685 
96.947147506424 9.274208520909696 2.203412575514 
95.37373851157889 5.937014325895912 1.1923076802874395 
95.546233967469 6.3127335719551745 2.229534644812498 
96.28741883126614 8.966528528660977 2.34778955155047 
