0.9069225
0.9080775
0.9095624999999999
0.911625
0.9120375
0.9146775000000001
0.9146775000000001
0.9172349999999999
0.9172349999999999
0.9172349999999999
0.9172349999999999
0.9172349999999999
0.9183075
0.9183075
0.9183075
0.9183075
0.9183075
0.9183075
0.9209475
0.923175
0.923175
0.9241649999999999
0.9241649999999999
0.9241649999999999
0.9241649999999999
0.9241649999999999
0.9241649999999999
0.9241649999999999
0.9241649999999999
0.9241649999999999
0.9241649999999999
0.9241649999999999
0.9241649999999999
0.9257325
0.9257325
0.9257325
0.9257325
0.9257325
0.9257325
0.9257325
0.9257325
0.9257325
0.9257325
0.9257325
0.9257325
0.9257325
0.9257325
0.9257325
0.9257325
0.9257325
0.9257325
0.9257325
0.9257325
0.9257325
0.9257325
0.9257325
0.9257325
0.9257325
0.9257325
0.9257325
0.9257325
0.9257325
0.9257325
0.9257325
0.9257325
0.9257325
0.9257325
0.9257325
0.9257325
0.9257325
0.9257325
0.9257325
0.9257325
0.9257325
0.9257325
0.9257325
0.9257325
0.9257325
0.9257325
0.9257325
0.9257325
0.9257325
0.9257325
0.9257325
0.9257325
0.9257325
0.9257325
0.9257325
0.9257325
0.9257325
0.9257325
0.9257325
0.9257325
0.9257325
0.9257325
0.9257325
0.9257325
0.9257325
0.9257325
0.9257325
