99.70890402018435 9.845555127605765 2.936066534728018 
93.86022810201476 9.052927762312788 2.699773617721324 
99.95302666694343 9.63920952305385 2.767214926759837 
99.95302666694343 8.61654695419111 2.767214926759837 
99.48567219401876 9.694603092749988 2.8096958527429887 
96.64279364579475 9.694603092749988 2.8096958527429887 
99.27793810859927 9.994490962022343 2.9279632573032885 
98.69836669792637 9.844438193511934 2.684170230074246 
99.36561803223827 9.742133264594198 2.8096958527429887 
98.85109371627324 9.84678015552232 2.6875096076104525 
88.54522971421683 9.910456739032767 2.6738703038899274 
99.92987625661439 9.640096165061593 2.76712309330527 
