96.6463267987984 7.8672582104600055 1.3509570556438797 
96.4393708758806 7.660728026973112 3.5342239453636832 
94.79336353554936 7.188224683143799 3.684917626088734 
96.11148251353865 8.065632701317758 3.521840279657387 
97.78253558042651 7.359704279388653 3.3957470692209846 
94.91490608620815 8.07016921381869 3.521840279657387 
98.45939908305844 7.132301108808026 3.5963726641870766 
95.6066281468138 7.359704279388653 3.534222157254035 
98.48533262738748 5.605186070848028 3.5535436830028493 
96.4393708758806 7.660728026973112 3.5342239453636832 
94.823794209642 7.188224683143799 3.5400263423228555 
96.57332960035079 7.984760146028961 1.3509570556438797 
