95.92836748682367 6.218804760750999 3.1354920082952873 
99.93574106043434 9.23539486215352 3.2256972244138744 
99.76890500169738 6.554879078324047 3.506132288212217 
99.90863104038276 6.5400828549386425 3.5961866111635112 
95.97298685966435 9.145523541942694 3.624553312387941 
99.8874523290095 6.54738225372795 3.1354920082952873 
98.11588825725177 9.582091519292966 3.506132288212217 
99.89245172651214 6.54738225372795 3.5170890181507732 
99.52089779754395 8.578553752180163 3.6719488761581567 
99.53975625004527 8.864854492683627 3.3126897522777337 
99.34720827755828 8.864854492683627 3.2256972244138744 
99.9281211866721 8.864854492683627 3.3195479985882956 
