3464.0 1.0 
3588.0 1.0 
3632.0 1.0 
3683.0 1.0 
3714.0 1.0 
3723.0 1.0 
3730.0 1.0 
3757.0 1.0 
3757.0 1.0 
3764.0 1.0 
3778.0 1.0 
3782.0 1.0 
3808.0 1.0 
3821.0 1.0 
3854.0 1.0 
3865.0 1.0 
3874.0 1.0 
3880.0 1.0 
3884.0 1.0 
3890.0 1.0 
3893.0 1.0 
3895.0 1.0 
3900.0 1.0 
3904.0 1.0 
3915.0 1.0 
3919.0 1.0 
3933.0 1.0 
3937.0 1.0 
3955.0 1.0 
3957.0 1.0 
3957.0 1.0 
3958.0 1.0 
3958.0 1.0 
3971.0 1.0 
3973.0 1.0 
3975.0 1.0 
3975.0 1.0 
3980.0 1.0 
3980.0 1.0 
3982.0 1.0 
3982.0 1.0 
3983.0 1.0 
3987.0 1.0 
3988.0 1.0 
3990.0 1.0 
3991.0 1.0 
3998.0 1.0 
4002.0 1.0 
4003.0 1.0 
4003.0 1.0 
