3376.0 1.0 
3430.0 1.0 
3530.0 1.0 
3550.0 1.0 
3586.0 1.0 
3635.0 1.0 
3652.0 1.0 
3697.0 1.0 
3756.0 1.0 
3760.0 1.0 
3761.0 1.0 
3776.0 1.0 
3783.0 1.0 
3811.0 1.0 
3822.0 1.0 
3847.0 1.0 
3853.0 1.0 
3854.0 1.0 
3862.0 1.0 
3866.0 1.0 
3871.0 1.0 
3871.0 1.0 
3877.0 1.0 
3907.0 1.0 
3908.0 1.0 
3911.0 1.0 
3919.0 1.0 
3925.0 1.0 
3928.0 1.0 
3929.0 1.0 
3932.0 1.0 
3941.0 1.0 
3953.0 1.0 
3962.0 1.0 
3978.0 1.0 
3980.0 1.0 
3981.0 1.0 
3983.0 1.0 
3987.0 1.0 
3988.0 1.0 
3989.0 1.0 
3999.0 1.0 
4004.0 1.0 
4006.0 1.0 
4011.0 1.0 
4013.0 1.0 
4015.0 1.0 
4018.0 1.0 
4022.0 1.0 
4027.0 1.0 
