3396.0 1.0 
3458.0 1.0 
3458.0 1.0 
3515.0 1.0 
3580.0 1.0 
3622.0 1.0 
3623.0 1.0 
3624.0 1.0 
3639.0 1.0 
3686.0 1.0 
3715.0 1.0 
3747.0 1.0 
3759.0 1.0 
3779.0 1.0 
3786.0 1.0 
3788.0 1.0 
3818.0 1.0 
3820.0 1.0 
3836.0 1.0 
3845.0 1.0 
3846.0 1.0 
3848.0 1.0 
3874.0 1.0 
3901.0 1.0 
3902.0 1.0 
3903.0 1.0 
3909.0 1.0 
3910.0 1.0 
3912.0 1.0 
3919.0 1.0 
3924.0 1.0 
3931.0 1.0 
3938.0 1.0 
3941.0 1.0 
3944.0 1.0 
3944.0 1.0 
3945.0 1.0 
3949.0 1.0 
3954.0 1.0 
3954.0 1.0 
3955.0 1.0 
3960.0 1.0 
3961.0 1.0 
3962.0 1.0 
3964.0 1.0 
3966.0 1.0 
3966.0 1.0 
3971.0 1.0 
3973.0 1.0 
3980.0 1.0 
