0.7575598333333332
0.7802790000000001
0.7887530833333334
0.7948225833333334
0.7948225833333334
0.7971774166666666
0.8073098333333334
0.8073098333333334
0.80938275
0.8112400833333333
0.8112400833333333
0.8112400833333333
0.8112400833333333
0.8112400833333333
0.8112400833333333
0.8112400833333333
0.8112400833333333
0.8112400833333333
0.8112400833333333
0.8112400833333333
0.8112400833333333
0.8141255833333333
0.8141255833333333
0.8141255833333333
0.8141255833333333
0.8141255833333333
0.8141255833333333
0.8141255833333333
0.81515375
0.81515375
0.81515375
0.81515375
0.81515375
0.81515375
0.81515375
0.81515375
0.81515375
0.81515375
0.81585025
0.81585025
0.81585025
0.81585025
0.81585025
0.81585025
0.81585025
0.81585025
0.81585025
0.8223011666666666
0.8223011666666666
0.8223011666666666
0.8223011666666666
0.8223011666666666
0.8223011666666666
0.8223011666666666
0.8223011666666666
0.8223011666666666
0.8223011666666666
0.8223011666666666
0.8223011666666666
0.8223011666666666
0.8223011666666666
0.8223011666666666
0.8223011666666666
0.8223011666666666
0.8231966666666667
0.8231966666666667
0.8231966666666667
0.8231966666666667
0.8231966666666667
0.8231966666666667
0.8231966666666667
0.8231966666666667
0.8231966666666667
0.8231966666666667
0.8231966666666667
0.8231966666666667
0.8231966666666667
0.8231966666666667
0.8231966666666667
0.8231966666666667
0.8231966666666667
0.8231966666666667
0.8231966666666667
0.8231966666666667
0.8231966666666667
0.8231966666666667
0.8231966666666667
0.8231966666666667
0.8231966666666667
0.8231966666666667
0.8231966666666667
0.8231966666666667
0.8231966666666667
0.8231966666666667
0.8231966666666667
0.825253
0.825253
0.825253
0.825253
0.825253
