0.8270439999999999
0.8243575
0.8193825
0.8183875
0.8165965
0.81415875
0.8133130000000001
0.81107425
0.808139
0.8079400000000001
0.8078902499999999
0.8071440000000001
0.8067957499999999
0.80540275
0.8048555
0.80361175
0.80331325
0.8032635
0.8028654999999999
0.8026665
0.80241775
0.80241775
0.8021192500000001
0.8006267499999999
0.800577
0.80042775
0.8000297499999999
0.79973125
0.799582
0.7995322499999999
0.799383
0.7989352500000001
0.79833825
0.7978905000000001
0.7970945
0.7969949999999999
0.79694525
0.79684575
0.79664675
0.796597
0.7965472499999999
0.79604975
0.7958010000000001
0.7957015
0.79545275
0.79535325
0.79525375
0.7951045
0.7949054999999999
0.79465675
