98.8158915168475 9.560941490710276 2.613811341263824 
96.10568062111015 9.665063310704372 2.2821142012831004 
97.6768356848096 9.525228268534136 2.426961866737637 
98.03000515689438 9.448311963793868 2.9518710733701043 
97.9898903600889 9.550584314413168 1.4589333774984468 
97.97005782326872 9.68123873733995 2.465998999528643 
96.99103948707497 9.519132281202056 2.637257246075425 
95.16647349825256 9.518678826141418 1.4416326845493077 
99.96587369654543 9.835203355934777 2.4037163338529304 
95.09238354708721 9.514909566557956 2.5131134928372574 
95.66664248460013 9.44157827785094 2.3412650091306393 
87.5904280241512 9.564376860170507 1.8386573280444034 
98.02956252775333 9.443922024601095 2.8994057129918462 
98.72820865449907 9.553038803647206 1.5030897262791152 
98.44836087576613 9.75872474499775 2.367171601013749 
93.25656225239136 9.407385388095783 2.3811476084284715 
98.39273651001395 9.665963301579506 2.581686450101184 
95.16647349825256 9.898558780997359 1.4353466741587095 
84.71183776417402 9.444504628974396 1.4824794799407472 
99.60903815089091 9.439262666413565 1.4821691026605397 
95.19029337255567 9.56596075211213 2.2850906538207925 
95.16909271994254 9.277476071558045 1.484250214030997 
97.34405205006045 9.77350156187538 2.336647144116316 
99.91413594141846 9.668700739087933 2.4037163338529304 
96.10568062111015 9.665578811028178 2.2821142012831004 
95.96932100606 9.550584314413168 1.4574627618158393 
95.16647349825256 9.566426945859858 1.4353906819842597 
98.00415250141135 9.566426945859858 2.367171601013749 
96.76397921115993 9.587253086644045 1.9728895242061757 
98.11515689235334 9.440524682525387 1.4572358355892625 
93.81048185388111 9.443628408789023 2.8824402601978583 
97.97005782326872 9.663126044317972 2.3411382753226566 
97.9797445644823 9.528055772022952 2.4300783789693483 
97.9802971286892 9.665096106944771 2.3404793427474884 
98.72820865449907 8.345925044558019 1.5107509534809622 
96.58345325350822 9.673002035747587 2.332581991169047 
98.03057089083414 9.668180460009562 2.1118129684464284 
92.1421028670697 9.365325362837233 1.952840966813401 
96.16046993654028 9.665063310704372 2.2821142012831004 
95.16647349825256 9.914995914400365 1.4353466741587095 
96.99103948707497 9.505641244335328 2.8853971225382544 
93.25938319235415 9.816057029479467 1.4935306341318486 
99.1995959515387 9.66635374389471 2.414791877556741 
97.67657931030709 9.550584314413168 1.4589333774984468 
98.21579451191016 9.5661637894172 2.6922768802154478 
93.79365743935124 9.519816522319157 2.4731438250657067 
99.57956104948066 8.690659254295513 2.641480458377384 
96.99103948707497 9.505641244335328 2.8853971225382544 
92.07440262288694 9.643460983576809 2.5148749293729957 
92.91589677843562 9.664403067844388 2.4724328889704967 
