98.78173843412176 9.999717799347078 1.578792843264283 
95.61778745415482 7.9067209088275945 3.5612925263786277 
94.32557437395045 6.344320215618323 1.0003671510106025 
99.44255986496519 8.085224593891821 2.92495097456891 
98.81214520527276 9.896501194346632 1.1093304450644779 
95.61778745415482 9.997239999606512 3.590779557701513 
96.72036838569818 9.712369157837369 1.4440561471235274 
96.4426102353626 8.83379679491997 1.5647324214081628 
90.05386464305089 9.0364663366949 1.22066973852841 
95.49894144260092 8.118999840229925 1.2501055548634785 
96.82959397280267 9.070022436512877 1.1368918155574335 
99.4186402900381 9.99881567639494 2.6566790755269674 
98.08245251644291 8.406036932580111 1.6445463197114543 
89.6597063845353 9.997473820827542 3.5881054821327374 
99.56800948618907 9.130843336480613 1.593028783939365 
95.63497064452477 8.833727617319378 1.5740259489397048 
96.96797735540862 9.492562198357167 1.1427249163415567 
96.82771939373498 9.3722492977419 1.1470880467783302 
98.08797522693527 8.120885508398953 1.2501055548634785 
96.72510831395695 9.3722492977419 1.1470880467783302 
94.36186238176607 6.362329018418099 1.0018650211682718 
96.1424629653085 9.99784319607065 3.5863935412610566 
96.82771939373498 9.52688244167361 1.1643114787749744 
96.64206020613248 8.540740160984507 2.9860051196153687 
95.59499044090234 8.027189411125534 2.8678281990140313 
99.51315686608362 8.595603320905159 2.8882622320446236 
95.90345323470143 9.492577246461616 1.1427249163415567 
96.99173851354224 9.407245306457707 1.1470880467783302 
99.48473255977723 9.996796925965848 2.9042648531128754 
99.57912028638438 9.996069578753737 1.2501055548634785 
92.46204516049679 9.090016945146411 1.2124688120674652 
99.51315686608362 8.595603320905159 2.8882622320446236 
98.741154749163 9.888420592276383 3.8375142243489715 
94.30078907723438 6.090580998901224 1.0018650211682718 
96.80844380419452 9.0458635725765 1.3928399775739728 
94.32530132550617 8.024755653263536 1.1394745923992482 
96.42990566398272 9.749474177760288 1.658529164264416 
94.36186238176607 6.362329018418099 1.0768101024295946 
92.20454420345527 9.886018071890026 2.7780838162847044 
99.55931400016871 7.774597068697109 1.130482222650028 
99.57912028638438 8.120885508398953 1.2501055548634785 
96.72036838569818 9.712369157837369 1.6951996901116948 
89.49105130916317 9.88545608973683 3.5854230876919804 
97.33713953373844 8.674185643618365 1.4037212172521847 
97.92571866768328 7.780385408083447 1.0078723401648872 
83.41739709934306 9.242700226263524 1.1427249163415567 
96.96797735540862 9.242700226263524 3.5503603314377488 
95.63497064452477 8.833727617319378 1.5740259489397048 
94.32530132550617 8.774411790217174 1.1495575559312552 
97.42143963356506 9.090016945146411 1.2146320959337855 
