99.46791966905317 9.00128618142259 3.267594001241548 
99.68142865099534 6.624585844095966 3.267283554641563 
99.49883759383475 9.450284177721663 1.5529570834411253 
99.67651608290375 8.442130995226199 3.533420287125363 
99.60296008774449 9.36981536291143 1.936826115413507 
99.38212999717456 6.4366819313958015 1.659509671605547 
99.34992433248662 8.466946686211159 1.2406079364923848 
99.12650136669384 9.207426030852755 1.3511867268816797 
99.76621233132363 8.317353432845715 3.267594001241548 
99.9365434000472 5.897732356340364 3.373151502401874 
99.67833993156582 6.213170049391537 3.267283554641563 
99.3984053906459 9.404171618590777 3.454662488969615 
99.51432528301687 9.448367332670296 1.4900786310033234 
98.73146204071284 6.393873109500411 1.8635663910857159 
99.92880971115675 6.624585844095966 3.267283554641563 
99.66594867659535 9.394201163630004 3.475345045968288 
98.69190567807112 8.98421222508837 1.5596525633197962 
89.3090092152012 5.67003679449075 1.6545417628355068 
99.81647084372855 9.424072749284617 1.735572554008183 
99.80194373887632 5.673280289807159 1.958112079855741 
99.12650136669384 9.528448741215797 1.4736939217709533 
99.76803830102101 6.213170049391537 3.267283554641563 
99.31626399746588 9.423436383939462 3.224848923278687 
99.12721189587056 9.57752738147688 1.4299211084986565 
99.66878530982271 6.55707691874123 1.9012884363436253 
99.50620769552611 9.394201163630004 3.475347283212556 
99.62335502134506 9.29298411737384 1.6595693910455507 
97.64246075457271 9.29298411737384 3.271212945465404 
99.51714886031027 9.450284177721663 3.255341792752053 
99.95865075852782 6.5400895733814535 3.218033712069925 
99.62335502134506 9.29298411737384 1.7032001676924895 
99.81457866109963 8.466946686211159 1.2406079364923848 
95.4760625178813 9.284902272234142 1.7953253703459378 
87.79840068887475 8.763450785803158 3.3286660497822593 
95.5296584837127 9.29298411737384 1.7032001676924895 
99.80416442437375 9.094237647154648 3.648437271396324 
89.3090092152012 5.659130998434482 2.045577475355717 
99.29680332169711 9.279574556964924 2.3302747714160343 
99.51714886031027 9.703211331566303 1.7677242651978682 
99.39689485767296 8.702071778408412 1.5596525633197962 
99.01180299360554 5.7008278910516905 3.152503121073226 
99.34992433248662 8.446423997137089 1.3475375581788303 
95.2822956048024 9.428635893774569 3.21719303538472 
99.51640977367066 9.450284177721663 3.255341792752053 
99.73246567757482 9.4681773488606 1.7664571694966482 
98.59482393359009 9.396429246670897 1.9002661895820725 
99.0107458226852 6.891625640023211 1.958112079855741 
95.73665922269333 8.701302593995909 1.6018650727387187 
99.67624749877875 8.442130995226199 1.5533189981291344 
99.76628723520798 6.213170049391537 3.267283554641563 
