0.0
0.0
0.0
0.30657
0.91113
0.9117899999999999
0.6094274999999999
0.9117899999999999
0.9151725
0.9181425000000001
0.9181425000000001
0.9181425000000001
0.9181425000000001
0.9181425000000001
0.9181425000000001
0.9181425000000001
0.9199575000000001
0.9199575000000001
0.9199575000000001
0.9199575000000001
0.9199575000000001
0.9199575000000001
0.9199575000000001
0.9199575000000001
0.9199575000000001
0.9199575000000001
0.9199575000000001
0.9199575000000001
0.9199575000000001
0.9199575000000001
0.9199575000000001
0.9199575000000001
0.9199575000000001
0.9199575000000001
0.9199575000000001
0.9199575000000001
0.9199575000000001
0.9199575000000001
0.9199575000000001
0.9215249999999999
0.9215249999999999
0.9215249999999999
0.9215249999999999
0.9215249999999999
0.9215249999999999
0.9215249999999999
0.9215249999999999
0.9215249999999999
0.9215249999999999
0.9215249999999999
0.9215249999999999
0.9215249999999999
0.9215249999999999
0.9215249999999999
0.9215249999999999
0.9215249999999999
0.9215249999999999
0.9215249999999999
0.9237525
0.9237525
0.9237525
0.9237525
0.9237525
0.9237525
0.9237525
0.9237525
0.9237525
0.9237525
0.9237525
0.9237525
0.9237525
0.9237525
0.9237525
0.9237525
0.9237525
0.9237525
0.9237525
0.9237525
0.9237525
0.9237525
0.9237525
0.9237525
0.9240824999999999
0.9240824999999999
0.9240824999999999
0.9240824999999999
0.9240824999999999
0.9240824999999999
0.9240824999999999
0.9240824999999999
0.9240824999999999
0.9240824999999999
0.9240824999999999
0.9240824999999999
0.9240824999999999
0.9240824999999999
0.9240824999999999
0.9240824999999999
0.9240824999999999
0.9240824999999999
