4741.0 1.0 
5107.0 1.0 
5166.0 1.0 
5209.0 1.0 
5256.0 1.0 
5336.0 1.0 
5356.0 1.0 
5491.0 1.0 
5503.0 1.0 
5511.0 1.0 
5518.0 1.0 
5523.0 1.0 
5524.0 1.0 
5531.0 1.0 
5617.0 1.0 
5626.0 1.0 
5638.0 1.0 
5647.0 1.0 
5655.0 1.0 
5661.0 1.0 
5672.0 1.0 
5713.0 1.0 
5736.0 1.0 
5741.0 1.0 
5749.0 1.0 
5754.0 1.0 
5756.0 1.0 
5764.0 1.0 
5791.0 1.0 
5791.0 1.0 
5796.0 1.0 
5808.0 1.0 
5814.0 1.0 
5824.0 1.0 
5852.0 1.0 
5859.0 1.0 
5861.0 1.0 
5861.0 1.0 
5873.0 1.0 
5876.0 1.0 
5884.0 1.0 
5900.0 1.0 
5914.0 1.0 
5925.0 1.0 
5926.0 1.0 
5928.0 1.0 
5933.0 1.0 
5934.0 1.0 
5937.0 1.0 
5949.0 1.0 
