5025.0 1.0 
5159.0 1.0 
5231.0 1.0 
5232.0 1.0 
5309.0 1.0 
5446.0 1.0 
5546.0 1.0 
5552.0 1.0 
5561.0 1.0 
5563.0 1.0 
5581.0 1.0 
5591.0 1.0 
5597.0 1.0 
5620.0 1.0 
5661.0 1.0 
5663.0 1.0 
5675.0 1.0 
5688.0 1.0 
5695.0 1.0 
5702.0 1.0 
5735.0 1.0 
5736.0 1.0 
5749.0 1.0 
5760.0 1.0 
5761.0 1.0 
5774.0 1.0 
5789.0 1.0 
5794.0 1.0 
5795.0 1.0 
5798.0 1.0 
5802.0 1.0 
5814.0 1.0 
5828.0 1.0 
5863.0 1.0 
5866.0 1.0 
5877.0 1.0 
5879.0 1.0 
5880.0 1.0 
5889.0 1.0 
5892.0 1.0 
5897.0 1.0 
5899.0 1.0 
5918.0 1.0 
5919.0 1.0 
5920.0 1.0 
5924.0 1.0 
5927.0 1.0 
5932.0 1.0 
5937.0 1.0 
5944.0 1.0 
