5100.0 1.0 
5399.0 1.0 
5419.0 1.0 
5519.0 1.0 
5538.0 1.0 
5553.0 1.0 
5589.0 1.0 
5601.0 1.0 
5601.0 1.0 
5614.0 1.0 
5642.0 1.0 
5648.0 1.0 
5674.0 1.0 
5676.0 1.0 
5682.0 1.0 
5687.0 1.0 
5691.0 1.0 
5701.0 1.0 
5705.0 1.0 
5723.0 1.0 
5782.0 1.0 
5785.0 1.0 
5812.0 1.0 
5813.0 1.0 
5820.0 1.0 
5827.0 1.0 
5834.0 1.0 
5847.0 1.0 
5852.0 1.0 
5858.0 1.0 
5864.0 1.0 
5868.0 1.0 
5872.0 1.0 
5888.0 1.0 
5892.0 1.0 
5906.0 1.0 
5922.0 1.0 
5923.0 1.0 
5925.0 1.0 
5928.0 1.0 
5929.0 1.0 
5934.0 1.0 
5939.0 1.0 
5940.0 1.0 
5941.0 1.0 
5946.0 1.0 
5946.0 1.0 
5949.0 1.0 
5958.0 1.0 
5963.0 1.0 
