0.9620389666666668
0.964627625
0.9651284416666668
0.9652063833333333
0.9659261
0.9668630583333334
0.9668630583333334
0.9674219166666668
0.9674219166666668
0.9674219166666668
0.9674219166666668
0.9674219166666668
0.9674219166666668
0.9677569
0.9680471083333333
0.9680471083333333
0.9680471083333333
0.9680471083333333
0.9680471083333333
0.9680471083333333
0.9680471083333333
0.9680471083333333
0.9680471083333333
0.9680471083333333
0.9680918833333333
0.9680918833333333
0.9680918833333333
0.9680918833333333
0.9680918833333333
0.9680918833333333
0.9680918833333333
0.968159875
0.968159875
0.968159875
0.968159875
0.9681980166666667
0.9681980166666667
0.9681980166666667
0.9687502416666667
0.9687502416666667
0.9689442666666667
0.9689442666666667
0.9689442666666667
0.9689442666666667
0.9694202083333333
0.9694202083333333
0.9694202083333333
0.9694202083333333
0.9694202083333333
0.9694202083333333
0.9694202083333333
0.9694202083333333
0.9694202083333333
0.9694202083333333
0.9694202083333333
0.9694202083333333
0.9694202083333333
0.9694202083333333
0.9694202083333333
0.9694202083333333
0.9694202083333333
0.9694202083333333
0.9694202083333333
0.9694202083333333
0.9694202083333333
0.9694202083333333
0.9694202083333333
0.9694202083333333
0.9694202083333333
0.9694202083333333
0.9694202083333333
0.9694202083333333
0.9694202083333333
0.9694202083333333
0.969642425
0.969642425
0.9697402666666667
0.9697402666666667
0.9697402666666667
0.9697402666666667
0.9697402666666667
0.9697402666666667
0.9697402666666667
0.9697402666666667
0.9697402666666667
0.9697402666666667
0.9697402666666667
0.9697402666666667
0.9697402666666667
0.9697402666666667
0.9697402666666667
0.9697402666666667
0.9697402666666667
0.9697402666666667
0.9697402666666667
0.9697402666666667
0.9697402666666667
0.9697402666666667
0.9697402666666667
0.9703472166666667
