0.9700006250000001
0.969333975
0.968975775
0.9689708
0.968587725
0.96790615
0.96740865
0.9673788
0.967334025
0.967324075
0.9672345250000001
0.967184775
0.967154925
0.9670405
0.966836525
0.966826575
0.9667668749999999
0.9667022
0.966667375
0.9666325499999999
0.9664683749999999
0.9664634
0.966398725
0.966344
0.966339025
0.9662743500000001
0.966199725
0.9661748499999999
0.9661698750000001
0.9661549500000001
0.96613505
0.96607535
0.9660057000000001
0.965831575
0.96581665
0.965761925
0.9657519750000001
0.965747
0.965702225
0.9656872999999999
0.965662425
0.965652475
0.96555795
0.9655529749999999
0.9655480000000001
0.9655281
0.965513175
0.9654883
0.965463425
0.9654286000000001
