97.87373110579134 8.735261148588219 1.0139418720794415 
99.51080718960743 8.060902353812835 2.804208472458585 
99.47496562758536 7.62787433207847 1.4691244888818185 
99.8921745568009 8.804109458480863 1.475274714732881 
99.91581138198487 7.669543362279913 1.2889856270564894 
99.86858410811703 7.98225909763565 2.959145438893839 
99.47496562758536 7.624189349871865 1.4103664785994048 
96.76423889448043 8.868226494808328 1.9045739247325142 
99.56648711278392 8.34425234249828 1.734802517899881 
98.85775586977768 7.540538236272299 3.2086255517757363 
97.87373110579134 9.063688111137536 1.0350430886260056 
98.87128550308992 9.642985761952634 3.2086255517757363 
98.87128550308992 9.659230525235472 3.2086255517757363 
97.88089352655481 8.76238244818717 1.4941255181753457 
97.86017530620721 7.519826250356127 1.4065658273990156 
99.49918343211127 7.980099779496527 1.9275308970243896 
99.49918343211127 8.290827349264262 2.0846613218815016 
99.98665366151522 7.637482539700159 3.9019258311374534 
99.62290189236799 8.980879298424982 3.976673110561576 
99.85193969823018 9.063688111137536 1.0350430886260056 
99.4684853966056 7.602635821036939 1.4065658273990156 
98.93675833951444 7.841707036889165 1.0397269542528913 
99.88722201586789 9.182409514060952 3.6016851600781146 
98.4664754683157 8.869797657082552 3.603856373601144 
99.9906312506918 8.64252198109496 1.8799249805000025 
99.23941742369793 8.735261148588219 1.0139418720794415 
99.47389149987232 7.669640920644764 1.50122174303063 
99.78160725801625 9.762695949543136 1.9045739247325142 
98.94429516126027 7.670438941515616 1.4682160353956515 
96.42731769248715 8.735261148588219 1.0139418720794415 
99.47063695969203 8.913300452175731 1.7602086190672848 
99.51721928300746 8.827676338859805 1.7977272789819878 
93.29889068275247 8.995270428243545 1.5461560647187844 
99.9099151912599 8.804109458480863 1.787683242076327 
97.84932721294939 9.485590056385544 1.044357354808787 
99.62290189236799 8.981544389132436 3.9083583036543526 
99.4684853966056 7.104802952517844 1.4065658273990156 
99.99185448429735 8.738481649515396 1.7994930529657729 
98.01341162071223 9.183729765844415 1.0839200692036255 
99.51117549850991 8.65663146692127 1.7227232674030484 
99.23941742369793 8.735261148588219 1.0139418720794415 
98.05479165842135 8.22029874190898 1.0896973465284754 
99.47400057643151 8.942547542801647 1.817098412926668 
99.77744664837698 8.64252198109496 2.8465093808442647 
99.9905279247772 9.08835825151168 3.8035795087596895 
99.8092332929628 7.669640920644764 1.5091006100644568 
97.87373110579134 9.103613962949051 1.0973712604855534 
98.01341162071223 8.22029874190898 1.0896973465284754 
99.9906312506918 8.64252198109496 2.850228489687848 
99.49918343211127 7.980099779496527 2.9772998341762924 
