99.66635069187039 6.389338183858852 1.2253323853514813 
97.54705154987906 8.614503471280582 1.8447969040353795 
99.72528603329823 8.79948586093226 2.1213165335396966 
91.368358857694 8.140755108317867 1.223845638974641 
88.65468772046572 8.926346399443457 2.247621204754836 
98.94510867262453 7.476493606335622 2.1213165335396966 
99.84905922734724 7.406176069579218 2.1137061195353732 
99.88025593933338 5.381070279284665 1.8066425143468285 
99.80594343746228 9.162479066830665 1.2199772387909205 
99.88025593933338 7.424978284255623 1.5753628392685337 
99.88025593933338 7.22392489042886 1.3070922334779724 
99.8876081644145 6.107227155321867 1.7357902569050667 
99.74721338381217 8.705489053884389 2.225279309214093 
99.79272122078743 6.389338183858852 1.2253323853514813 
96.1439231341381 7.572649729882283 1.724170441566086 
98.41759659682147 6.069124749134539 1.8666342831543494 
99.75056912699063 9.31650929920423 1.358516192796603 
98.94510867262453 7.200349060877157 1.2940316639552976 
96.83395766920671 8.822587638279051 2.0199395438790035 
99.88094955078164 4.016018080333764 1.3049788776669937 
99.85862414812723 5.574426059603185 1.3049788776669937 
96.66362249910186 7.448093310042828 1.2231893763757915 
99.90851760716568 5.182317531093874 1.2287134541310463 
96.83999612211596 9.23214365352455 2.250879210850447 
94.1546990791435 5.723100647374112 1.5778285448067983 
99.94275970918962 5.182317531093874 1.1136815730065541 
95.25539233932805 4.637060321377291 1.2595593928890474 
96.39607762278561 9.502114792387191 1.3908037904852304 
98.94120361647232 9.889766470108976 1.3902259238139247 
98.42042989149026 6.107227155321867 1.7263391156914307 
98.94559629271771 5.5770355903675615 1.3049788776669937 
94.27728612341484 7.517525168933974 1.1701545645493572 
99.13404429465585 9.06217762317812 1.3089729795805354 
90.03012518828922 9.175029928133217 2.2457813407821594 
99.96501408290843 5.6992647001753145 1.3576959043914183 
99.66697500583025 5.156718978117143 1.3049788776669937 
94.21919660514432 7.132358033352969 1.1709362070906193 
99.90851760716568 5.309241285221611 1.5855351953648056 
99.79272122078743 7.4890382730410785 1.2231893763757915 
96.8405550261783 9.756949973656939 2.250706629891592 
99.96311197518727 8.887875037667113 2.1632136904699717 
99.87961345034357 5.381070279284665 1.5778285448067983 
99.79908872456177 7.386188183114783 1.3183340020264382 
99.94275970918962 5.12443514127047 1.1136815730065541 
98.97853760920248 9.394119569905303 3.2730551872484845 
98.98165279359242 7.117876171873146 3.22227051902283 
95.93170640001885 7.140265481513281 1.6541104712007075 
99.79908872456177 5.1309736981017835 1.3049788776669937 
99.11800602200721 9.184195804676689 1.1940929091161738 
98.94120361647232 9.31650929920423 1.3902259238139247 
