99.61353096467857 8.639840216941778 1.8048167423727968 
97.68488547445342 8.53870172149334 3.282882256553618 
99.50369298749251 7.135487510680897 3.470505068506315 
99.95688149179736 7.36585825292152 1.0987274435124657 
97.85220524085533 9.120426600599094 3.5053817581821076 
97.1289031454067 8.53870172149334 3.2997693438246785 
95.01261869379077 8.436638831882288 2.8236936562526944 
91.72095353671794 8.540581038962545 3.2678887396109157 
97.62108205538854 7.496033538176625 2.613693486932246 
96.48326733049352 9.09134074134449 3.1079687736811374 
99.78618369039393 8.762585689600835 2.5562838426774745 
99.602275430855 8.764742508943504 2.5582882372736244 
97.97231311373373 6.9893252596384965 1.5547439272181371 
99.93784830951422 5.082359165882894 2.703258434809297 
97.94563154227173 9.164982835297415 1.5547439272181371 
98.48770579731433 7.02600187916414 3.6732139023420216 
99.73233560452897 8.605101863698085 2.6196348241779246 
99.61934876131765 7.1757590845019115 1.3452759243725367 
97.64610700341521 6.915780546056365 1.3063035619921366 
99.97409655834039 6.920036548554646 1.3452759243725367 
99.84630337054563 7.873472834185957 1.296526031647081 
99.78170799908993 9.281555727797326 2.707177796174477 
99.75916896128363 7.587793543785018 1.2348600185120704 
99.97103148197114 6.098194150745935 1.8091934946029866 
99.51866510868287 9.089942476513858 3.1263075203822908 
99.95137495142197 6.9893252596384965 3.7274533316949476 
94.59913373147269 8.54662274854357 3.2896972079396427 
99.95772592429634 4.987500788205045 3.1838275488242838 
99.18384776976524 5.969934946937038 2.6534270012369885 
99.77846905316724 8.621576528708323 1.2891231162256989 
99.03735832636676 9.881468722466153 1.8127655940409924 
95.65263502992256 8.578629489894606 3.2168353051699303 
99.602275430855 9.5905931882828 3.4777660604314424 
99.51866510868287 8.78078336665194 1.8048167423727968 
98.78854232116686 7.992968211785016 3.470623518092262 
95.65263502992256 8.54841001506631 3.2168353051699303 
96.28601512126315 6.9893252596384965 1.5547439272181371 
99.61461405847047 8.496407110415866 3.401812101227976 
99.95015793509977 8.53870172149334 3.2967919035065973 
99.61461405847047 6.9893252596384965 3.7274533316949476 
99.74066427882025 5.082359165882894 2.589391298240043 
99.03322876271211 8.779559299897521 1.8127655940409924 
99.602275430855 4.5226824670278 2.720888167883439 
99.73233560452897 8.605101863698085 2.707926263096128 
99.95688149179736 6.941519828034457 1.6298943260980772 
97.68488547445342 8.53870172149334 3.291624317397949 
99.51866510868287 8.762773102294497 1.8048167423727968 
96.28601512126315 6.961396382618023 1.554338579609887 
97.72926338694066 8.436638831882288 2.8236936562526944 
99.74061548838753 5.151628562424656 1.5573801612011908 
