0.6043795833333333
0.9067766666666666
0.9090154166666666
0.9090154166666666
0.9139904166666667
0.9149854166666667
0.9149854166666667
0.9153170833333334
0.9153170833333334
0.9153170833333334
0.9153170833333334
0.9153170833333334
0.9153170833333334
0.91813625
0.91813625
0.91813625
0.9192970833333334
0.9192970833333334
0.9192970833333334
0.9192970833333334
0.9192970833333334
0.9192970833333334
0.9192970833333334
0.9192970833333334
0.9192970833333334
0.9192970833333334
0.9192970833333334
0.9202091666666666
0.9202091666666666
0.9212870833333334
0.9212870833333334
0.9212870833333334
0.9212870833333334
0.9212870833333334
0.9212870833333334
0.9212870833333334
0.9212870833333334
0.9212870833333334
0.9212870833333334
0.9212870833333334
0.9212870833333334
0.9212870833333334
0.9212870833333334
0.9212870833333334
0.9212870833333334
0.9212870833333334
0.9212870833333334
0.9212870833333334
0.9212870833333334
0.9212870833333334
0.9215358333333333
0.9215358333333333
0.9215358333333333
0.9215358333333333
0.9215358333333333
0.9220333333333334
0.9220333333333334
0.9220333333333334
0.9220333333333334
0.9220333333333334
0.9220333333333334
0.9220333333333334
0.9220333333333334
0.9220333333333334
0.9220333333333334
0.9220333333333334
0.9220333333333334
0.9220333333333334
0.9220333333333334
0.9220333333333334
0.9220333333333334
0.9231941666666666
0.9231941666666666
0.9231941666666666
0.9231941666666666
0.9231941666666666
0.9231941666666666
0.9231941666666666
0.9231941666666666
0.9231941666666666
0.9231941666666666
0.9231941666666666
0.9231941666666666
0.9231941666666666
0.9231941666666666
0.9231941666666666
0.9231941666666666
0.9231941666666666
0.9231941666666666
0.9231941666666666
0.9231941666666666
0.9231941666666666
0.9231941666666666
0.9231941666666666
0.9231941666666666
0.9231941666666666
0.9231941666666666
0.9231941666666666
0.9231941666666666
0.9231941666666666
