3923.0 1.0 
3984.0 1.0 
4199.0 1.0 
4266.0 1.0 
4271.0 1.0 
4281.0 1.0 
4303.0 1.0 
4311.0 1.0 
4349.0 1.0 
4360.0 1.0 
4384.0 1.0 
4389.0 1.0 
4416.0 1.0 
4420.0 1.0 
4424.0 1.0 
4436.0 1.0 
4449.0 1.0 
4466.0 1.0 
4478.0 1.0 
4481.0 1.0 
4484.0 1.0 
4487.0 1.0 
4513.0 1.0 
4519.0 1.0 
4524.0 1.0 
4527.0 1.0 
4531.0 1.0 
4537.0 1.0 
4543.0 1.0 
4543.0 1.0 
4572.0 1.0 
4576.0 1.0 
4581.0 1.0 
4592.0 1.0 
4595.0 1.0 
4599.0 1.0 
4613.0 1.0 
4621.0 1.0 
4625.0 1.0 
4626.0 1.0 
4631.0 1.0 
4636.0 1.0 
4637.0 1.0 
4639.0 1.0 
4642.0 1.0 
4643.0 1.0 
4648.0 1.0 
4657.0 1.0 
4662.0 1.0 
4666.0 1.0 
