4040.0 1.0 
4087.0 1.0 
4106.0 1.0 
4116.0 1.0 
4167.0 1.0 
4196.0 1.0 
4201.0 1.0 
4231.0 1.0 
4245.0 1.0 
4252.0 1.0 
4263.0 1.0 
4268.0 1.0 
4277.0 1.0 
4279.0 1.0 
4302.0 1.0 
4315.0 1.0 
4368.0 1.0 
4377.0 1.0 
4379.0 1.0 
4388.0 1.0 
4390.0 1.0 
4392.0 1.0 
4409.0 1.0 
4417.0 1.0 
4418.0 1.0 
4421.0 1.0 
4423.0 1.0 
4440.0 1.0 
4450.0 1.0 
4470.0 1.0 
4471.0 1.0 
4484.0 1.0 
4485.0 1.0 
4493.0 1.0 
4510.0 1.0 
4521.0 1.0 
4530.0 1.0 
4533.0 1.0 
4552.0 1.0 
4553.0 1.0 
4565.0 1.0 
4570.0 1.0 
4570.0 1.0 
4573.0 1.0 
4583.0 1.0 
4588.0 1.0 
4591.0 1.0 
4596.0 1.0 
4597.0 1.0 
4608.0 1.0 
