4090.0 1.0 
4186.0 1.0 
4188.0 1.0 
4192.0 1.0 
4192.0 1.0 
4198.0 1.0 
4239.0 1.0 
4272.0 1.0 
4303.0 1.0 
4306.0 1.0 
4315.0 1.0 
4340.0 1.0 
4344.0 1.0 
4345.0 1.0 
4349.0 1.0 
4358.0 1.0 
4368.0 1.0 
4394.0 1.0 
4396.0 1.0 
4400.0 1.0 
4415.0 1.0 
4434.0 1.0 
4444.0 1.0 
4447.0 1.0 
4452.0 1.0 
4453.0 1.0 
4460.0 1.0 
4464.0 1.0 
4470.0 1.0 
4478.0 1.0 
4478.0 1.0 
4488.0 1.0 
4492.0 1.0 
4505.0 1.0 
4517.0 1.0 
4522.0 1.0 
4525.0 1.0 
4531.0 1.0 
4535.0 1.0 
4544.0 1.0 
4546.0 1.0 
4554.0 1.0 
4558.0 1.0 
4565.0 1.0 
4566.0 1.0 
4570.0 1.0 
4580.0 1.0 
4587.0 1.0 
4598.0 1.0 
4601.0 1.0 
