0.9690288416666667
0.9697352916666667
0.9722476666666667
0.9722957583333334
0.9722957583333334
0.9728579333333333
0.9728579333333333
0.9730436666666668
0.9734914166666666
0.9734914166666666
0.9734914166666666
0.9734914166666666
0.973682125
0.973682125
0.973682125
0.973682125
0.9737517749999999
0.9737517749999999
0.9737517749999999
0.9737517749999999
0.9738579083333333
0.9738579083333333
0.9738579083333333
0.9738579083333333
0.9738579083333333
0.9738579083333333
0.9738579083333333
0.9738579083333333
0.9738579083333333
0.9738579083333333
0.9738579083333333
0.9739524333333334
0.9739607250000001
0.9739607250000001
0.9739607250000001
0.9739607250000001
0.9741099749999999
0.9741099749999999
0.9741099749999999
0.9741099749999999
0.9741099749999999
0.9741099749999999
0.9741630416666668
0.9741630416666668
0.9741630416666668
0.9741630416666668
0.9741630416666668
0.9741630416666668
0.9741630416666668
0.9741630416666668
0.9741630416666668
0.9741630416666668
0.9741630416666668
0.9741630416666668
0.9741630416666668
0.9741630416666668
0.9741630416666668
0.9746389833333332
0.9746389833333332
0.9746389833333332
0.9747401416666666
0.9747401416666666
0.9747401416666666
0.9747401416666666
0.9747401416666666
0.9747401416666666
0.9747401416666666
0.9747401416666666
0.9747401416666666
0.9747401416666666
0.9747401416666666
0.9747401416666666
0.9747401416666666
0.9747401416666666
0.9747401416666666
0.9747401416666666
0.9749026583333333
0.9749026583333333
0.9749026583333333
0.9749026583333333
0.9749026583333333
0.9749026583333333
0.9749026583333333
0.9750121083333334
0.9750121083333334
0.9750121083333334
0.9750121083333334
0.9750121083333334
0.9750121083333334
0.9750121083333334
0.9750121083333334
0.9750121083333334
0.9750121083333334
0.9750121083333334
0.9750121083333334
0.9750121083333334
0.9750121083333334
0.9750121083333334
0.9750121083333334
0.9750121083333334
