0.97465225
0.97417465
0.9741647
0.9741448
0.9741448
0.97411495
0.973910975
0.9737467999999999
0.9735925750000001
0.97357765
0.973532875
0.9734084999999999
0.9733886
0.973383625
0.973363725
0.97331895
0.9732692000000001
0.9731398499999999
0.9731299
0.97311
0.973035375
0.97294085
0.9728911
0.972876175
0.9728513000000001
0.972846325
0.9728115
0.9727916
0.97276175
0.97272195
0.97272195
0.9726722
0.9726522999999999
0.972587625
0.9725279250000001
0.9725030499999999
0.972488125
0.972458275
0.972438375
0.9723936000000001
0.9723836499999999
0.97234385
0.97232395
0.972289125
0.97228415
0.9722642499999999
0.9722145
0.9721796749999999
0.97212495
0.972110025
