99.79586281942055 7.6759075654122135 3.3217676906390627 
99.6811132221435 7.758470738346305 3.973742961373987 
97.3924176689272 7.41682196406332 3.4894701258987015 
84.81830300406916 9.504256030629945 2.3068558585968058 
99.86469609451389 7.7767824493829645 3.365641316982204 
98.03855671884642 7.449487902597903 3.477657311263388 
97.54839325727119 7.7682799956757504 1.877115731878264 
98.17468914394136 6.699470522401988 3.0274794805862855 
94.12418298931037 6.328472466219356 2.28874149412061 
99.6811132221435 7.9135111345855105 3.971925033996423 
97.37781315413079 5.297955901833813 2.935229903782991 
99.53781784222562 6.268592230862986 3.272659198387288 
99.60580166335673 7.4000171580843155 3.1128007702492235 
99.60580166335673 7.4000171580843155 3.1128007702492235 
98.15921368453346 3.9120652990856417 3.01317278294931 
99.6064948610399 5.370004286684073 3.130052024604339 
98.1745971871414 6.777518969501871 3.971925033996423 
98.17606280073807 6.881469668896283 2.941907167417167 
94.12418298931037 6.346655437788121 2.0597287791638426 
99.54467465026354 7.458854706611361 3.090704503313767 
94.1169029041214 5.277464460519904 3.4377868907947966 
99.61666411182065 7.4000171580843155 2.288486607860728 
99.7501594038455 7.218436763787903 3.318969577135071 
96.6919534574098 9.573643131517713 2.433986499526821 
94.93121754271536 5.298193262095411 3.090606179952987 
93.36556665673993 6.699470522401988 3.0274794805862855 
97.9011420948053 9.517446524044217 3.4093654153281627 
96.9230334479904 8.763629958892835 2.3068558585968058 
99.6811132221435 7.77704828564126 3.971925033996423 
97.56346860182222 9.573643131517713 2.34294914429136 
99.7783483870557 7.73591138034724 3.597998245193715 
99.52957793220287 9.870612267507344 3.4093654153281627 
94.12418298931037 6.500350882744449 2.2877563282782005 
94.17791939839135 7.41682196406332 3.304869697409255 
97.9011420948053 9.919807348565012 3.4079138925934727 
96.42472072499427 6.878749519992617 3.6833444019566746 
92.28112915850052 5.881446650988675 2.9731589402819476 
93.6038400339403 6.869767161201644 3.4894701258987015 
94.98466906210777 7.9135111345855105 3.9697997753194443 
99.71584120937098 7.394754342626889 3.3202840013453603 
93.20653438473722 5.77445684859601 2.973522282023931 
99.79586281942055 7.185490114471868 3.5044983572672157 
97.34143891861757 7.458854706611361 2.941907167417167 
93.41967703997213 6.9813123401794 2.959601145228417 
97.57023415679615 3.574767785567271 2.901636177986739 
99.46796825869302 6.854283326434493 1.8838862939218841 
99.7501594038455 7.77544278789688 3.318969577135071 
91.27237227632881 9.517446524044217 3.4079415791112377 
97.90510640416316 7.776568293706497 3.9884594150020853 
98.54670594625017 6.276216036486039 2.935229903782991 
