99.93957392193418 9.056212173249365 1.6024699779102605 
98.8732518516197 4.512797050774787 1.8879544952424636 
99.79774782411945 9.23608542293498 1.3897764568515931 
98.83982888611817 9.356387304362093 2.2828886934624335 
99.92970468008758 9.049867516174096 1.362742501381605 
98.02476645530396 9.146427636161413 2.0534427869595735 
98.01774126284252 9.356589463111957 2.0521024094592737 
89.0810442478337 9.3240208352085 1.6999989567254152 
98.03850479190454 9.356589463111957 1.6999989567254152 
94.53128413211975 9.38742594867018 1.6341563850517407 
98.62842886000519 9.356589463111957 1.614468164494914 
98.52598811318208 9.365292751249667 1.1102069987726848 
96.5441116694354 9.167671558098444 2.0697831873144885 
95.21897104473585 9.365292751249667 1.2110986976761382 
98.01774126284252 9.356589463111957 1.8067290755637455 
98.05859412802454 7.759380618786889 1.289390462273398 
97.98359706657781 9.133956635763886 2.0521024094592737 
95.25653419247293 9.356589463111957 1.6999989567254152 
98.02475627231189 9.238566461586073 2.1245546597876817 
98.62842886000519 9.356589463111957 1.614468164494914 
98.87102460669476 7.759380618786889 1.895100652957756 
98.48868960480516 9.365308478343511 1.2109903422851573 
99.93852260329082 9.356387304362093 2.3139173340354953 
98.8732518516197 6.788135992266528 2.1183590298660846 
97.9942668162819 9.444340934351894 2.125517618663995 
95.37350048454908 7.869768644923476 1.1353346701868166 
98.02476645530396 9.146427636161413 2.0534427869595735 
95.08978710277451 6.780017289632927 2.0623249684733325 
98.0453168727281 9.022049651703735 1.7599704676490247 
98.97805492891537 4.512797050774787 1.8743181294252649 
99.64853603297794 6.780017289632927 2.1184437479628966 
96.88616245371936 6.262643555717088 1.676380149967306 
98.05055887491864 9.356589463111957 1.4521589098323835 
97.38731615306725 9.356387304362093 1.2169179869832445 
98.11476896374381 9.888466961636352 1.750272670106579 
98.54192706029139 9.485107251909065 1.252567193280497 
99.82917681043337 9.03107278771592 2.106353332183487 
93.82637302115083 4.4220625791259875 3.0811598721426594 
98.02475627231189 9.444340934351894 2.125517618663995 
99.55913177612555 8.844058699515546 1.3880886560710615 
98.03582052775921 9.87778653326044 1.4017468569862115 
94.58121657054004 9.288613048442873 1.802985246009718 
95.34226551558903 4.452762078751718 3.046628298040871 
98.8732518516197 9.253209215177034 1.8879544952424636 
95.25653419247293 9.356589463111957 1.1282060626177457 
96.51000834967769 9.167671558098444 1.3877448904085345 
94.76622019890453 4.355329806721521 1.1282060626177457 
95.28197522604923 9.253209215177034 2.050902774168756 
98.01774126284252 7.025521765750199 1.4054906865402392 
98.0756230261402 6.945338468198492 1.4553171805965475 
