99.21068989371786 8.044108006150747 1.0025050621658922 
99.97364885594506 6.166031238331857 2.768265251688997 
99.20579628076305 8.722298128330781 1.0202191127758895 
99.79505024385455 9.905340043456928 1.0372152860885495 
99.63136209677657 8.708474402587456 2.4953277431417034 
99.80920330141214 8.31798115845962 2.7548799761259866 
99.29967186415305 4.985135496225844 1.5021436224646414 
97.27596640202887 6.112176629886216 2.768265251688997 
99.59857405921528 7.9187743712694925 2.38639338777619 
99.20579628076305 8.722298128330781 2.567668801728151 
99.28949032465627 8.228955523309672 2.7296643146990665 
99.69873090688051 8.708474402587456 2.4953277431417034 
97.27596640202887 6.112176629886216 2.768265251688997 
99.4302377197881 7.682143822918141 3.3732137939999802 
99.60229977252996 8.785299691983766 3.8253845750649322 
98.98453929148553 7.622725002588579 2.794364153519752 
96.88585483369077 9.622515970190278 2.9560302645392156 
99.28087104221412 4.917989861794665 2.6419386050300933 
98.78066220206517 3.1093596444100227 3.8758320721534654 
99.41138531335483 9.720833576021413 1.271793840942553 
97.27596640202887 6.112176629886216 2.77698955628892 
99.81389444792127 8.27849520311607 2.8607099608381072 
99.4302377197881 7.68617844786684 2.7579692539612344 
99.76235153014643 9.350932611795342 2.955608464303166 
98.14724035745252 9.314780201213635 3.007592042891289 
99.28087104221412 7.857553102917415 2.6419386050300933 
99.75633499624622 9.340695886579434 3.005113376625685 
98.14724035745252 6.650223773530784 2.660573951892626 
99.80920330141214 8.31798115845962 2.6419386050300933 
99.28886745632558 4.985135496225844 1.1565991858382088 
99.20579628076305 8.722298128330781 1.0202191127758895 
99.78861799290658 9.882133479620064 1.040781204021427 
99.58971801723843 9.650583483040803 3.8874440657178555 
99.29856407861388 8.732693475602325 2.6394045769563155 
99.29856407861388 7.847855294719531 2.6607745690400177 
98.65589303756606 8.722298128330781 1.0185032754671042 
88.59792053817883 8.848133347931016 3.0257355738381073 
99.80502979444752 9.69878491793714 2.7579692539612344 
96.89034167374302 6.112176629886216 2.768265251688997 
99.81391935844862 8.31798115845962 2.7548799761259866 
99.4302377197881 7.386575739146837 2.7579692539612344 
97.5674405336315 3.0859717258047383 3.8758320721534654 
99.41138531335483 9.973015473334577 1.271793840942553 
99.76235153014643 9.386181870984393 2.9560302645392156 
99.59849764674927 8.497809914338625 3.0257355738381073 
94.01885178195347 8.257637864290933 2.6418990363695 
99.29856407861388 7.847855294719531 2.6394045769563155 
98.14724035745252 6.3441887518035776 2.660573951892626 
87.43207987203334 3.858265230042268 2.615330834570088 
99.28886745632558 7.902128041480004 2.7296643146990665 
