349.0 1.0 
360.0 1.0 
361.0 1.0 
362.0 1.0 
367.0 1.0 
370.0 1.0 
371.0 1.0 
373.0 1.0 
375.0 1.0 
376.0 1.0 
376.0 1.0 
377.0 1.0 
377.0 1.0 
378.0 1.0 
379.0 1.0 
380.0 1.0 
380.0 1.0 
381.0 1.0 
381.0 1.0 
382.0 1.0 
382.0 1.0 
382.0 1.0 
382.0 1.0 
382.0 1.0 
382.0 1.0 
382.0 1.0 
382.0 1.0 
382.0 1.0 
382.0 1.0 
382.0 1.0 
383.0 1.0 
384.0 1.0 
384.0 1.0 
385.0 1.0 
385.0 1.0 
385.0 1.0 
385.0 1.0 
385.0 1.0 
385.0 1.0 
387.0 1.0 
387.0 1.0 
387.0 1.0 
387.0 1.0 
387.0 1.0 
387.0 1.0 
388.0 1.0 
388.0 1.0 
388.0 1.0 
388.0 1.0 
388.0 1.0 
