356.0 1.0 
356.0 1.0 
357.0 1.0 
360.0 1.0 
361.0 1.0 
362.0 1.0 
365.0 1.0 
369.0 1.0 
371.0 1.0 
371.0 1.0 
372.0 1.0 
373.0 1.0 
373.0 1.0 
373.0 1.0 
374.0 1.0 
375.0 1.0 
376.0 1.0 
376.0 1.0 
377.0 1.0 
378.0 1.0 
379.0 1.0 
379.0 1.0 
380.0 1.0 
380.0 1.0 
380.0 1.0 
381.0 1.0 
381.0 1.0 
381.0 1.0 
381.0 1.0 
381.0 1.0 
381.0 1.0 
382.0 1.0 
382.0 1.0 
382.0 1.0 
383.0 1.0 
383.0 1.0 
383.0 1.0 
383.0 1.0 
384.0 1.0 
384.0 1.0 
384.0 1.0 
384.0 1.0 
384.0 1.0 
384.0 1.0 
385.0 1.0 
385.0 1.0 
385.0 1.0 
385.0 1.0 
385.0 1.0 
385.0 1.0 
