347.0 1.0 
363.0 1.0 
364.0 1.0 
364.0 1.0 
365.0 1.0 
365.0 1.0 
367.0 1.0 
374.0 1.0 
374.0 1.0 
375.0 1.0 
375.0 1.0 
375.0 1.0 
375.0 1.0 
377.0 1.0 
379.0 1.0 
380.0 1.0 
380.0 1.0 
381.0 1.0 
383.0 1.0 
383.0 1.0 
384.0 1.0 
384.0 1.0 
385.0 1.0 
385.0 1.0 
385.0 1.0 
386.0 1.0 
386.0 1.0 
386.0 1.0 
387.0 1.0 
387.0 1.0 
387.0 1.0 
387.0 1.0 
387.0 1.0 
388.0 1.0 
388.0 1.0 
388.0 1.0 
388.0 1.0 
388.0 1.0 
388.0 1.0 
389.0 1.0 
389.0 1.0 
389.0 1.0 
389.0 1.0 
389.0 1.0 
389.0 1.0 
390.0 1.0 
390.0 1.0 
390.0 1.0 
390.0 1.0 
390.0 1.0 
