0.9747849166666667
0.9756140833333333
0.97574675
0.9759291666666666
0.9759457500000001
0.9761779166666665
0.9761779166666665
0.9762276666666666
0.9762276666666666
0.9762276666666666
0.9762276666666666
0.9765593333333333
0.9765593333333333
0.9765593333333333
0.9765593333333333
0.9765593333333333
0.9765593333333333
0.9765593333333333
0.9765593333333333
0.9765593333333333
0.9768909999999998
0.9768909999999998
0.9768909999999998
0.9768909999999998
0.9768909999999998
0.9769075833333333
0.9773553333333332
0.9773553333333332
0.9773553333333332
0.9773553333333332
0.9773553333333332
0.9773553333333332
0.9773553333333332
0.9773553333333332
0.9773553333333332
0.9773553333333332
0.9773719166666667
0.9773719166666667
0.9773719166666667
0.9773719166666667
0.9773719166666667
0.9773719166666667
0.9773719166666667
0.9773719166666667
0.9773719166666667
0.9773719166666667
0.9773719166666667
0.9773719166666667
0.9773719166666667
0.9773719166666667
0.9773719166666667
0.9773719166666667
0.9773719166666667
0.9773719166666667
0.9773719166666667
0.9773719166666667
0.9773719166666667
0.9773719166666667
0.9773719166666667
0.9773719166666667
0.9773719166666667
0.9773719166666667
0.9773719166666667
0.9773719166666667
0.9773719166666667
0.9773719166666667
0.9773719166666667
0.9773719166666667
0.9773719166666667
0.9773719166666667
0.9775543333333333
0.9775543333333333
0.9775543333333333
0.9775543333333333
0.9775543333333333
0.9775543333333333
0.9775543333333333
0.9775543333333333
0.9775543333333333
0.9775543333333333
0.9775543333333333
0.9775543333333333
0.9775543333333333
0.9775543333333333
0.9775543333333333
0.9775543333333333
0.9775543333333333
0.9775543333333333
0.9775543333333333
0.9775543333333333
0.9775543333333333
0.9775543333333333
0.9775543333333333
0.9775543333333333
0.9775543333333333
0.9775543333333333
0.9775543333333333
0.9775543333333333
0.9775543333333333
0.9775543333333333
