0.977289
0.977289
0.97723925
0.97709
0.9770402499999999
0.9769905
0.97684125
0.97664225
0.97654275
0.97654275
0.976493
0.97644325
0.97644325
0.97644325
0.9763934999999999
0.97634375
0.976294
0.976294
0.9762442499999999
0.9761945
0.97614475
0.97614475
0.9760949999999999
0.9760949999999999
0.9760949999999999
0.97604525
0.97604525
0.97604525
0.97604525
0.97604525
0.97604525
0.9759955
0.9759955
0.9759955
0.97594575
0.97594575
0.97594575
0.97594575
0.975896
0.975896
0.975896
0.975896
0.975896
0.975896
0.97584625
0.97584625
0.97584625
0.97584625
0.97584625
0.97584625
