98.55597924237844 9.084243370481378 2.7290819005851827 
98.67895847384341 9.108066705964966 1.5525445295594427 
99.76513516845749 7.934962166160075 1.6309147410038274 
99.20200541947213 7.956646362210617 2.150176850022526 
99.71774078319255 8.702994959459089 3.7726118685166514 
94.39266923539257 9.000826996484077 1.664653197155951 
99.21543656166769 7.664039168205637 2.142767910133724 
99.8524065599431 9.51596393287736 3.12418179134251 
98.55469967578992 5.0740283721416635 1.5479698412373044 
98.65036665616626 4.017441814255278 3.131405150944857 
99.82603689738008 8.561586115839283 1.8145535605168346 
99.97543529256988 8.162196790983717 2.4507995121766633 
99.77509921598161 8.185970681083088 1.6904210791033 
98.72695556786474 9.233023392624457 3.1525037046573754 
91.89762621969462 9.233023392624457 2.487144884755882 
97.35630309236315 5.782503334839499 3.131405150944857 
97.97077876660144 8.006454984928448 1.6614151957248227 
99.6975995854271 3.7789169616231595 2.1175587381048695 
98.56144701210215 5.0740283721416635 3.599700368207622 
98.67895847384341 9.110181336361652 1.6209506365077262 
96.4999942148213 8.006454984928448 1.6614151957248227 
92.18065477897194 5.0740283721416635 3.0124990406783905 
98.61698115113666 8.86028657653302 1.924654472157801 
98.67895847384341 9.379413160953046 1.19177270905225 
99.04390975859802 9.119542889755943 3.9477342585065336 
98.61698115113666 8.86809322798445 1.7184289612009953 
90.65209943131083 5.0740283721416635 3.0124990406783905 
98.67895847384341 3.5262970809634 1.2955877204524966 
99.30676745498235 8.851869834359185 2.761145747339045 
93.97378430569624 7.756185369816812 1.924654472157801 
99.79111474773337 9.51596393287736 3.1313604971188562 
98.26571866393235 3.5561094993721083 3.1926827166066754 
99.33593371690306 3.4030109418216115 1.5095750719633076 
99.33593371690306 3.4030109418216115 1.4963405530575415 
98.61698115113666 9.32081677444138 1.9074805438240694 
98.68308883657987 8.085365111605222 3.9837212457464153 
96.4999942148213 8.009018225428992 3.1712770161780988 
88.8802154892794 9.12410740940471 1.7184289612009953 
98.67895847384341 3.0713559405562467 3.1072087722585557 
93.61266232550665 8.672326127367565 1.6644105601546728 
95.48154620574864 5.495944826984498 1.4510945812832179 
96.4999942148213 8.009018225428992 2.4214625825693976 
99.30676745498235 8.851869834359185 2.761145747339045 
99.7182724218193 9.084243370481378 3.749227642337183 
89.00594130697007 9.161133160864711 1.8139096574543165 
99.77509921598161 8.185970681083088 1.6904210791033 
98.72695556786474 9.233023392624457 1.404498894299291 
99.21543656166769 8.362020054348447 3.9856410608636903 
99.76513516845749 7.934962166160075 1.6309147410038274 
98.72801524130685 9.108066705964966 1.5525445295594427 
