98.62501720998613 7.2265060628619775 3.189946430202475 
98.83668100945428 6.458807114331061 3.900084118846923 
99.75215032499366 6.504355343820155 3.0516519645231655 
99.5029117746176 7.975292987666107 2.585237987124573 
99.4799249891143 7.4198189603960465 2.19742118778702 
99.94541514266663 6.557516252215539 3.1480129143079916 
99.24922781362731 8.438715945666102 2.1885010624275747 
99.19591124797903 8.36611884125211 2.189462655293293 
99.45613577423828 8.851042491217104 2.569810995822659 
99.75106289638683 6.634086447113809 2.2343093704726544 
98.80339151525504 7.217187886867965 1.5065599454132106 
99.4799249891143 6.629430684395634 1.8886112357654228 
94.85680593711135 6.639811354183087 2.2343093704726544 
99.54179900121346 6.960433750764615 3.977666640828499 
98.57732720453721 6.969116676039504 2.227801378151156 
99.03385177321348 7.514904499022382 3.1538194890756386 
99.19591124797903 8.43654384995429 1.2916196891218086 
90.78264266719577 7.89703927667789 3.5516616896613034 
99.40340317572017 6.932679266111329 2.2693035711262297 
99.68605749677126 8.521239211458845 2.21644453258131 
98.29197725761475 7.406526115031251 3.1331586517325594 
98.87452942239648 8.090104101806027 3.9726422585176544 
99.03385177321348 7.514904499022382 3.1535146550971316 
98.63373195081634 8.085789530611823 3.1480129143079916 
99.19591124797903 8.43654384995429 1.2916196891218086 
93.33667802071739 8.849752589522836 2.188134643441155 
94.06722280193165 7.981888703437542 3.396111892571821 
99.76051782469732 8.85428377589905 2.154219553893337 
98.83980373363922 8.43654384995429 1.5268613125428026 
99.15274858845632 8.120093514886033 2.138126910241889 
99.94765833323935 8.52475282805745 2.2385264607783055 
99.03385177321348 7.514904499022382 3.1538194890756386 
89.01169061491481 6.634086447113809 2.2343093704726544 
99.5029117746176 6.334942420731911 2.567584438694835 
96.10943479628389 7.4032669628346035 3.3934984838670186 
99.9968018800453 7.187950098594734 2.280532622130038 
99.92513465669957 8.859455520626748 2.1550496636561087 
94.85680593711135 6.282231033876955 3.0419751312708376 
99.15274858845632 8.120093514886033 2.2362235912477555 
92.88634719641055 6.961110794295385 2.234387261678243 
93.0662841750236 6.932649921610422 2.179925859482397 
99.12238735570185 7.780876983579615 3.332929837522262 
98.87746136180533 7.152888793115682 3.144790515579925 
99.03385177321348 7.514904499022382 3.1535146550971316 
99.5029117746176 6.196463670289882 2.585237987124573 
99.1564025602386 6.188037794684057 3.4096470786450084 
94.85680593711135 6.639811354183087 2.2345675983605497 
99.19591124797903 8.36611884125211 2.189462655293293 
99.5914581562572 6.932649921610422 2.179925859482397 
96.55848869423234 7.975292987666107 2.585237987124573 
