97.88068337007171 6.231826025897047 2.2626044621111565 
99.48390100920587 7.732387476702759 3.1542611473195663 
99.66612557040992 6.243027351387072 3.517382060772026 
98.10107766574873 7.957591546688439 1.8751185848635565 
98.31370752729484 7.7318144586063475 2.11189803553113 
99.84250159869703 5.061444713749729 1.9991775941949466 
98.7351827113872 4.692059248032453 2.147942597432556 
98.1845412291455 4.323442476164915 2.2550916495718707 
96.90914924927385 8.953689595369827 1.8589097430652386 
97.99887829286996 6.213852599250389 2.2626044621111565 
96.91116987012384 8.759444398953992 1.8726091405659686 
95.28429055906702 4.692059248032453 2.1429552902522295 
99.79742532422748 4.742576069964429 2.263673390686327 
98.1845412291455 4.770414970459874 1.94670369410751 
99.90258081592347 4.722710188216323 2.263673390686327 
97.45073553539854 6.022066241119944 3.5392861709637553 
97.90108364958168 6.242807644979532 2.212253786602743 
99.2300308838735 4.323442476164915 1.9453761122979687 
98.24943215142068 7.72974896349195 3.4955292554751662 
96.94689657696907 8.759444398953992 1.8726091405659686 
95.28429055906702 5.251345374134761 2.0360142318073304 
90.64324006662021 5.456684456492967 2.0498828343183226 
92.77652562600075 7.796077716485666 1.9731549882282726 
99.66612557040992 7.32340233020767 2.5580175426348815 
99.88842364897397 4.722710188216323 2.265632508686267 
93.0929439386873 4.691586764977533 1.9148658787703345 
99.85304844981638 5.061444713749729 2.9960559106110534 
99.85304844981638 5.061444713749729 3.1462505113362544 
99.8063065525129 8.629589221368962 2.3205014052070148 
97.99887829286996 6.213852599250389 2.1242769551464553 
99.66612557040992 6.878099396864379 3.517382060772026 
91.92631300646961 5.06191328382354 3.1462505113362544 
96.91694438549568 8.497799879269984 2.029126527327681 
93.10929825371804 5.456684456492967 2.0498828343183226 
99.87585083721916 8.494511451177422 3.3116665309773152 
97.938122791088 8.497799879269984 2.051198755128718 
97.53414322008253 7.796077716485666 2.0506020943675165 
97.613902801901 4.403820036327559 2.2120053549277054 
96.74000748906174 4.72610275975698 1.9148658787703345 
99.2300308838735 4.323442476164915 1.938122428086388 
97.85379569519948 1.5368130496226042 3.8195515190599334 
96.90913726280782 8.953689595369827 3.2569725260775746 
98.00474194829054 7.206661949641504 1.9731549882282726 
99.79742532422748 4.722710188216323 2.263673390686327 
98.10035715008324 4.403820036327559 2.2120053549277054 
97.84524303272823 5.877665152468327 1.7822783199385468 
99.85304844981638 5.061444713749729 3.1547682105277315 
97.15996290512489 7.206661949641504 1.8575398387017725 
97.4621999316525 4.692059248032453 1.9891777214042274 
98.0873827233938 9.095062493082336 3.2374962777171508 
