302.0 1.0 
2.0067207E7 101.0 
3908.0 1.0 
396.0 101.0 
1.0238836E7 101.0 
469720.0 101.0 
1.8796595E7 101.0 
1.6370803E7 101.0 
1.3979423E7 101.0 
1.2653119E7 101.0 
1.1425872E7 101.0 
1.5201801E7 101.0 
1.3838764E7 101.0 
1.1407623E7 101.0 
1.5105479E7 101.0 
1.2765723E7 101.0 
1.2733259E7 101.0 
1.5143815E7 101.0 
1.2661725E7 101.0 
429335.0 101.0 
207605.0 101.0 
381668.0 101.0 
154767.0 101.0 
78549.0 101.0 
413687.0 101.0 
122614.0 101.0 
108722.0 101.0 
326164.0 101.0 
340290.0 101.0 
174047.0 101.0 
