68.24068868304654 8.945385679621593 2.7755368925296477 
1.7895926276041343 0.358356452706307 2.822686240810511 
5.048309236518134 8.53859779706627 2.3307228854085635 
68.04698088338245 2.2241820516823836 1.1038904855517617 
1.8801275331444813 0.8671476324263117 2.037628597770742 
1.9166182189052408 1.1114977480756096 3.5885191362593947 
1.3629340823243798 0.6910288969821055 3.5744687408740923 
1.5215750531441756 0.3682170348339748 2.0995863313889176 
1.0493414165842911 0.8868908764937014 1.3250046977781171 
1.5215750531441756 0.36821434386781937 2.0438124253721917 
1.9481667096470936 0.38967933750965855 2.249464334399761 
1.1098245320777855 0.37040264091768693 2.6623335698227195 
1.9481667096470936 0.3542248039499485 2.249464334399761 
1.3627299517283475 0.28561260529462495 3.5804185486290843 
1.5612756550793776 0.3693250380514975 2.3783860439533386 
1.3627299517283475 0.9816809718064068 3.6842708073630046 
1.8801275331444813 0.8671476324263117 2.037628597770742 
1.539271122293625 0.36935644446341154 1.7710605578319685 
1.9166182189052408 0.35248193147704276 3.5694380388755413 
1.0021543486083306 1.1433171136933853 3.353484789551428 
2.1816055510502785 0.36935644446341154 2.0438363271525875 
1.9166182189052408 1.1230039565103271 3.5885191362593947 
3.76746891848141 0.3718772216091826 2.024644620557713 
1.3803635158786383 5.569726710928585 2.782917167261681 
1.6089812292583627 1.3198258423727227 3.567002953308835 
1.0270224040007485 3.9329912046001185 1.3250046977781171 
3.219460244793682 0.36935644446341154 1.9339687404608155 
1.8572073874498356 1.4157034811462554 2.037628597770742 
1.3627299517283475 1.3346074329086 3.5744687408740923 
1.3627299517283475 2.428504653507549 1.3130060682281537 
