0.9110054166666667
0.9148195833333332
0.9148195833333332
0.9157316666666667
0.9157316666666667
0.9184679166666667
0.91913125
0.9196287500000001
0.9196287500000001
0.9196287500000001
0.9208725000000001
0.92161875
0.9221162499999999
0.9225308333333334
0.9225308333333334
0.9225308333333334
0.9225308333333334
0.9225308333333334
0.9240233333333334
0.9241891666666667
0.9241891666666667
0.9241891666666667
0.9241891666666667
0.9241891666666667
0.9241891666666667
0.9241891666666667
0.9241891666666667
0.9241891666666667
0.9241891666666667
0.9241891666666667
0.92609625
0.92609625
0.92609625
0.92609625
0.92609625
0.92609625
0.92609625
0.92609625
0.92609625
0.92609625
0.9271741666666666
0.9271741666666666
0.9271741666666666
0.9274229166666667
0.9274229166666667
0.9274229166666667
0.9274229166666667
0.9274229166666667
0.9274229166666667
0.9274229166666667
0.9274229166666667
0.9274229166666667
0.9274229166666667
0.9274229166666667
0.9274229166666667
0.9274229166666667
0.9274229166666667
0.9274229166666667
0.9274229166666667
0.9274229166666667
0.9274229166666667
0.9274229166666667
0.9274229166666667
0.9274229166666667
0.9274229166666667
0.9274229166666667
0.9274229166666667
0.9274229166666667
0.9274229166666667
0.9274229166666667
0.9274229166666667
0.9274229166666667
0.9274229166666667
0.9274229166666667
0.9274229166666667
0.9274229166666667
0.9274229166666667
0.9274229166666667
0.9274229166666667
0.9274229166666667
0.9274229166666667
0.9274229166666667
0.9274229166666667
0.9274229166666667
0.9274229166666667
0.9274229166666667
0.9274229166666667
0.9274229166666667
0.9280862499999999
0.9280862499999999
0.9280862499999999
0.9280862499999999
0.9280862499999999
0.9280862499999999
0.9280862499999999
0.9280862499999999
0.9280862499999999
0.9280862499999999
0.9280862499999999
0.9280862499999999
