0.8429867708333334
0.8429867708333334
0.8361155
0.8368316875
0.8397002916666668
0.8451767916666667
0.8484033541666666
0.8484033541666666
0.8484033541666666
0.85039425
0.8564041875
0.8564041875
0.8576408541666667
0.8579481041666668
0.8588708541666668
0.8588708541666668
0.8588708541666668
0.8588708541666668
0.8616526875
0.863971125
0.863971125
0.863971125
0.8650580208333333
0.8669180208333334
0.8669180208333334
0.8669180208333334
0.8706458541666665
0.8731405208333333
0.8731405208333333
0.8731405208333333
0.8731405208333333
0.8731405208333333
0.8778167708333333
0.8778167708333333
0.8765667291666667
0.8782857083333334
0.8782857083333334
0.8782857083333334
0.8787550208333333
0.8787550208333333
0.8787550208333333
0.8787550208333333
0.8787550208333333
0.8790665208333334
0.8790665208333334
0.8790665208333334
0.8790665208333334
0.8820340833333334
0.8828171041666667
0.8831301874999999
0.8831301874999999
0.8836005
0.9995000625
0.9995000625
0.9995000625
0.9995000625
0.9995000625
0.9995000625
0.9995000625
0.9995000625
0.9995000625
0.9995000625
0.9995000625
0.9995000625
0.9995000625
0.9995000625
0.9995000625
0.9995000625
0.9995000625
0.9995000625
0.9995000625
0.9995000625
0.9995000625
0.9995000625
0.9995000625
0.9995000625
0.9995000625
0.9995000625
0.9995000625
0.9995000625
0.9995000625
0.9995000625
0.9995000625
0.9995000625
0.9995000625
0.9995000625
0.9995000625
0.9995000625
0.9995000625
0.9995000625
0.9995000625
0.9995000625
0.9995000625
0.9995000625
0.9995000625
0.9995000625
0.9995000625
0.9995000625
0.9995000625
0.9995000625
