690.0 1.0 
692.0 1.0 
706.0 1.0 
710.0 1.0 
717.0 1.0 
735.0 1.0 
746.0 1.0 
748.0 1.0 
749.0 1.0 
753.0 1.0 
754.0 1.0 
754.0 1.0 
755.0 1.0 
757.0 1.0 
757.0 1.0 
758.0 1.0 
763.0 1.0 
765.0 1.0 
769.0 1.0 
772.0 1.0 
773.0 1.0 
774.0 1.0 
777.0 1.0 
777.0 1.0 
779.0 1.0 
779.0 1.0 
781.0 1.0 
783.0 1.0 
783.0 1.0 
784.0 1.0 
784.0 1.0 
785.0 1.0 
785.0 1.0 
787.0 1.0 
788.0 1.0 
788.0 1.0 
789.0 1.0 
790.0 1.0 
791.0 1.0 
791.0 1.0 
791.0 1.0 
791.0 1.0 
795.0 1.0 
795.0 1.0 
795.0 1.0 
797.0 1.0 
797.0 1.0 
797.0 1.0 
798.0 1.0 
798.0 1.0 
