690.0 1.0 
734.0 1.0 
740.0 1.0 
752.0 1.0 
757.0 1.0 
757.0 1.0 
758.0 1.0 
759.0 1.0 
764.0 1.0 
765.0 1.0 
766.0 1.0 
772.0 1.0 
773.0 1.0 
773.0 1.0 
774.0 1.0 
776.0 1.0 
776.0 1.0 
777.0 1.0 
777.0 1.0 
777.0 1.0 
777.0 1.0 
778.0 1.0 
780.0 1.0 
782.0 1.0 
782.0 1.0 
783.0 1.0 
783.0 1.0 
784.0 1.0 
785.0 1.0 
786.0 1.0 
786.0 1.0 
786.0 1.0 
787.0 1.0 
787.0 1.0 
788.0 1.0 
788.0 1.0 
790.0 1.0 
790.0 1.0 
791.0 1.0 
792.0 1.0 
792.0 1.0 
793.0 1.0 
793.0 1.0 
795.0 1.0 
795.0 1.0 
796.0 1.0 
797.0 1.0 
797.0 1.0 
797.0 1.0 
798.0 1.0 
