677.0 1.0 
695.0 1.0 
705.0 1.0 
711.0 1.0 
715.0 1.0 
722.0 1.0 
725.0 1.0 
727.0 1.0 
734.0 1.0 
737.0 1.0 
737.0 1.0 
739.0 1.0 
748.0 1.0 
752.0 1.0 
754.0 1.0 
755.0 1.0 
759.0 1.0 
760.0 1.0 
761.0 1.0 
762.0 1.0 
763.0 1.0 
765.0 1.0 
765.0 1.0 
767.0 1.0 
770.0 1.0 
770.0 1.0 
770.0 1.0 
771.0 1.0 
773.0 1.0 
773.0 1.0 
774.0 1.0 
775.0 1.0 
775.0 1.0 
777.0 1.0 
777.0 1.0 
777.0 1.0 
778.0 1.0 
778.0 1.0 
779.0 1.0 
779.0 1.0 
780.0 1.0 
780.0 1.0 
782.0 1.0 
782.0 1.0 
784.0 1.0 
784.0 1.0 
784.0 1.0 
787.0 1.0 
790.0 1.0 
791.0 1.0 
