0.9524969166666666
0.9524969166666666
0.9548849166666665
0.9552829166666666
0.9565100833333333
0.9572729166666667
0.9572729166666667
0.9572729166666667
0.9573558333333333
0.9573558333333333
0.9573558333333333
0.9573558333333333
0.9573558333333333
0.9573724166666667
0.9573724166666667
0.9573724166666667
0.9573724166666667
0.9580025833333332
0.9580025833333332
0.9580025833333332
0.9580025833333332
0.9580025833333332
0.9580025833333332
0.95803575
0.95803575
0.9582679166666667
0.9582679166666667
0.9582679166666667
0.9582679166666667
0.9582679166666667
0.9582679166666667
0.9582679166666667
0.9582679166666667
0.9585332499999999
0.9585332499999999
0.9585332499999999
0.9585332499999999
0.9585332499999999
0.9585332499999999
0.9585332499999999
0.9585332499999999
0.9585332499999999
0.9596609166666666
0.9596609166666666
0.9596609166666666
0.9596609166666666
0.9596609166666666
0.9596609166666666
0.9596609166666666
0.9596609166666666
0.9596609166666666
0.9596609166666666
0.9596609166666666
0.9596609166666666
0.9596609166666666
0.9596609166666666
0.9596609166666666
0.9596609166666666
0.9596609166666666
0.9596609166666666
0.9598433333333333
0.9601418333333332
0.9601418333333332
0.9601418333333332
0.9601418333333332
0.9601418333333332
0.9601418333333332
0.9601418333333332
0.9601418333333332
0.9604403333333332
0.9604403333333332
0.9604403333333332
0.9608549166666666
0.9608549166666666
0.9608549166666666
0.9608549166666666
0.9608549166666666
0.9608549166666666
0.9608549166666666
0.9608549166666666
0.9608880833333333
0.9608880833333333
0.9608880833333333
0.9608880833333333
0.9608880833333333
0.9608880833333333
0.9608880833333333
0.9608880833333333
0.9608880833333333
0.9608880833333333
0.9608880833333333
0.9608880833333333
0.9608880833333333
0.9608880833333333
0.9608880833333333
0.9608880833333333
0.9608880833333333
0.9608880833333333
0.9608880833333333
0.9608880833333333
