0.96131925
0.9604237499999999
0.95992625
0.95962775
0.95942875
0.9590805
0.95893125
0.95883175
0.9584835
0.9583342499999999
0.9583342499999999
0.9582347499999999
0.957787
0.957588
0.9574885000000001
0.95743875
0.95723975
0.95719
0.9571402499999999
0.9570905
0.95704075
0.95694125
0.95694125
0.95684175
0.9566925000000001
0.9566925000000001
0.9566925000000001
0.95664275
0.9565432500000001
0.9565432500000001
0.9564935
0.95644375
0.95644375
0.9563442499999999
0.9563442499999999
0.9563442499999999
0.9562944999999999
0.9562944999999999
0.95624475
0.95624475
0.9561949999999999
0.9561949999999999
0.9560955
0.9560955
0.955996
0.955996
0.955996
0.95584675
0.9556975
0.95564775
