99.15982765479308 8.577193811435507 2.726235342567235 
97.6082280459503 7.007321062457505 1.198487804305468 
99.04330415426035 8.224851624169808 2.9698351082838594 
97.33942408565808 6.882237135493889 3.2387012880924697 
99.17150859299517 9.07807668781307 2.2654570884811367 
98.12589606345247 8.134256887914981 1.22558309199459 
99.84051251362771 9.916540086509874 2.769819755257149 
98.14124830933635 7.7874132640107145 3.1755855187545334 
98.14124830933635 7.7874132640107145 2.7617464611018288 
99.18112518750837 8.827159320199188 2.448412957846792 
99.56922025856007 8.28405122815811 2.778804728819585 
94.7967764810847 7.747954237712274 1.251216512117209 
99.14059305349727 9.960057497559768 2.23735336002154 
91.53109998336794 7.8157260292831925 1.1968973940721006 
99.15422551284412 8.193677766437007 2.9547019375598476 
86.51714930923055 6.882237135493889 3.1824055736795303 
94.91083236520365 7.899319464703774 3.0134959955356377 
87.24103475217538 7.921251613193354 2.252711591681507 
97.33486596626044 7.7853941426773305 3.1954016184587815 
99.2311442428861 6.754237112996754 2.4522882900301877 
99.1160852003091 8.26651429100194 1.4845749072755137 
99.42558172594384 9.222496153458835 2.513827132119362 
97.6082280459503 8.004793901009746 2.9024697562963966 
99.15982765479308 9.017041969574056 2.7348753806882353 
94.7967764810847 7.84199984531672 3.174631385209776 
97.62831810048775 8.134256887914981 1.207223707908458 
99.1160852003091 8.78644948344871 2.4335349745768506 
98.83726245910654 7.975731058706179 2.222306557261804 
99.18112518750837 8.789907663233919 2.448915264092129 
94.98134025022185 8.870966607987139 2.4670822829399115 
99.15586648229825 8.815480737279659 2.714916120756207 
98.443729084728 9.66491654406131 2.2654570884811367 
98.94928441330171 7.921251613193354 2.23735336002154 
94.9603421255993 9.772554734018252 2.2654570884811367 
87.63406205819074 7.328379937410451 1.1993935198023795 
97.72581644628177 7.7874132640107145 3.2109915829464635 
99.15992294364064 8.577193811435507 2.726235342567235 
99.18112518750837 9.887645723669447 3.1422562413952067 
96.99136955224306 9.916286232378939 3.214687649090586 
97.6082280459503 7.49260564502261 1.1773854067394836 
94.7967764810847 7.843794006197399 1.1605230610464576 
99.15586648229825 9.494999341607729 2.72599968551535 
98.09168136106754 7.328379937410451 1.2080549048459823 
96.99136955224306 9.952009931519559 1.0801575157603247 
99.15586648229825 7.461502865121352 2.730322886797109 
98.41308882575132 9.498169818685724 2.2654570884811367 
98.14124830933635 7.765121085869786 2.7697301075748313 
98.44481781624063 9.656881736603433 2.2654570884811367 
99.8444799003886 9.916540086509874 2.769819755257149 
97.33486596626044 7.798720190314306 3.1954016184587815 
