95.25269875347679 5.632801743291946 3.2641866693933497 
91.0440226997408 6.686049526891933 3.316390062585314 
97.28286487047069 9.9395000064939 2.340593734417207 
98.46068536066575 7.05999796096066 2.583391385062913 
95.50988479862593 6.793616168045606 2.983884461148248 
95.87767870106825 8.058340143741594 3.65970625631056 
97.28286487047069 9.960058894334255 2.3812264299981734 
96.77760745407798 9.805724684011224 3.4781993102950866 
97.28286487047069 8.139323362213572 1.9094046057974334 
93.24885306568547 5.6030327714857755 3.174863113778596 
99.02055508083194 5.618582978125928 3.9822075827524857 
96.78979717001533 6.23339779562016 3.999939682102086 
81.49985537833953 9.677065033644912 3.7781846668522943 
97.28286487047069 8.139323362213572 1.8983331101782184 
96.79328493541024 9.603632757180442 3.60871341136414 
97.24903033383539 9.254426483039481 1.781765107331622 
99.29521780333734 7.20278963549333 3.3166037699010222 
89.4408515808752 5.343364168416755 3.6084571780320474 
96.90535404501918 7.21676319778025 3.3011852503434485 
98.80698666097663 7.7020758457400325 2.5662350152252174 
89.97687614028963 7.05579393919022 3.0497972710985986 
97.87031017619017 5.888018952623025 3.4508049985387084 
98.447920141628 8.655625951971583 2.583391385062913 
97.27137498821344 9.693983319685946 3.459228016582117 
96.71752392204375 9.546726885836469 3.661501233810681 
99.7921544265496 9.658496567667555 3.60871341136414 
99.27688240801045 7.20278963549333 3.6636460698138493 
95.22336400138113 9.792146495812908 1.7850324903469033 
97.28286487047069 9.960058894334255 2.3812264299981734 
99.91954514267624 5.618582978125928 3.96091069826669 
84.91912347441705 6.805428287429411 3.759359058705752 
97.28128671116826 9.811656782433094 3.0122309284985493 
99.62163789390233 9.77050941792006 3.0993103932294788 
96.79328493541024 9.603632757180442 3.6116350007937577 
93.39329024830018 6.166293172706663 3.83340807085353 
98.54069540563677 9.666077982841642 1.9408725595217995 
93.40364332995948 9.983050081851738 3.266341449506829 
93.5983991685492 9.666077982841642 2.3945072472158726 
98.447920141628 7.059317525427496 2.583391385062913 
96.78979717001533 6.23339779562016 3.1939950972638407 
97.9738705681898 7.20278963549333 3.0748740271770405 
81.30898033693484 9.678059769199098 3.6191990145361586 
97.9738705681898 7.1042587455365585 3.121420235998959 
81.36057330989783 4.270583161635277 3.9995841546500532 
95.8635989789903 8.75726070242991 2.38041834100812 
89.7504220788381 7.076371033099245 3.316390062585314 
96.78979717001533 5.620899527143514 3.1587768109590533 
95.84078719167684 8.05203020157465 3.526638608594897 
91.25947414215162 9.636837900616273 3.255474319468869 
98.80698666097663 7.7020758457400325 2.5662350152252174 
