93.14638291796206 9.3404277223677 2.155451136785198 
94.85459045693628 8.519262457735374 2.3759149790751235 
99.07939214531235 6.796706173324218 2.054296025624517 
97.33186713982069 6.795805895551699 2.2372087391114084 
99.19991483869929 9.238449133022526 3.6646141090040856 
99.19835987402978 8.438742987901405 3.681368292044866 
93.14208139416448 8.237081477489264 3.7187996688857714 
96.65364964878898 9.840087574298689 1.7453838307842895 
92.92501889762802 4.174645401540776 2.4040063859054768 
96.6754797369479 6.818736946260689 1.8202848335384878 
95.85236916508252 4.174645401540776 1.0448997303580398 
91.91642534133294 8.474271156266285 2.3759149790751235 
93.12240829821631 6.379446664287713 2.0177013971325786 
99.83760575478962 6.543104149213915 1.3684105024902338 
88.40848327187965 6.07942632956142 1.7424259806298248 
93.13236951574473 6.333982749627053 3.7512268881189783 
97.33529939362299 9.765022077286512 1.819360044554795 
99.9945168190268 7.5925186792098 2.3823411428108034 
91.4563685014315 4.179703242298528 1.0448997303580398 
99.96043705334101 6.639034281447072 2.238650512371623 
97.33529939362299 9.685891132120442 1.2767311410573599 
92.92608059093948 8.1509341351925 2.0407699795741987 
99.06443768976838 6.645489974249182 2.0248833605573244 
99.69670711924144 6.795805895551699 1.8349246609242895 
95.06220762531568 5.586794546604116 3.8308412085500674 
93.24272593469182 8.474271156266285 2.3759149790751235 
92.60650613807766 9.232714990015381 3.6646141090040856 
93.14208139416448 8.237081477489264 3.7187996688857714 
98.51825861120639 6.739962463165712 2.0080131467619156 
94.96571479455983 7.035569341011328 3.7724788745390923 
99.69670711924144 6.795805895551699 2.203664952215636 
92.92501889762802 4.174645401540776 1.233437324602184 
97.2780581196114 8.211369219688498 2.0602727919960713 
89.99146653681721 6.28375907915196 1.8178347916948105 
96.15790304023963 6.280404210353762 2.0081359436953665 
99.62204412227007 6.795805895551699 1.820447482739226 
97.41821063856491 8.621535362910661 1.8193725445360986 
96.09796890474539 9.763838757826015 1.8269351239810598 
93.12240829821631 8.582056544330271 2.155451136785198 
96.66714805661056 6.794040672285473 1.7959373902559967 
99.82374196499376 6.801401327413931 1.8716706147011803 
97.33529939362299 9.727260781203034 1.0042499388391144 
91.4563685014315 4.2326691455724825 1.0480388411635064 
96.54552092579546 3.5975688502541887 1.0408984271564106 
97.33534153564818 9.755790389767126 1.6600375213411258 
98.99626348730163 6.795805895551699 2.2344608022213714 
97.0674683338841 6.795805895551699 2.084544216233919 
98.56295698660055 6.639034281447072 3.79154665968705 
95.28853944843772 5.5833285227163945 3.8308412085500674 
99.90600221862317 9.312681965356585 2.275444296778863 
