1081.0 1.0 
1097.0 1.0 
1102.0 1.0 
1104.0 1.0 
1109.0 1.0 
1115.0 1.0 
1118.0 1.0 
1120.0 1.0 
1121.0 1.0 
1121.0 1.0 
1124.0 1.0 
1132.0 1.0 
1135.0 1.0 
1135.0 1.0 
1136.0 1.0 
1137.0 1.0 
1144.0 1.0 
1144.0 1.0 
1144.0 1.0 
1146.0 1.0 
1146.0 1.0 
1146.0 1.0 
1147.0 1.0 
1150.0 1.0 
1151.0 1.0 
1153.0 1.0 
1154.0 1.0 
1156.0 1.0 
1158.0 1.0 
1161.0 1.0 
1162.0 1.0 
1162.0 1.0 
1162.0 1.0 
1169.0 1.0 
1172.0 1.0 
1172.0 1.0 
1173.0 1.0 
1173.0 1.0 
1173.0 1.0 
1175.0 1.0 
1176.0 1.0 
1177.0 1.0 
1178.0 1.0 
1178.0 1.0 
1179.0 1.0 
1179.0 1.0 
1179.0 1.0 
1183.0 1.0 
1184.0 1.0 
1187.0 1.0 
