992.0 1.0 
1014.0 1.0 
1068.0 1.0 
1070.0 1.0 
1104.0 1.0 
1117.0 1.0 
1137.0 1.0 
1138.0 1.0 
1148.0 1.0 
1154.0 1.0 
1155.0 1.0 
1156.0 1.0 
1156.0 1.0 
1159.0 1.0 
1163.0 1.0 
1166.0 1.0 
1167.0 1.0 
1168.0 1.0 
1168.0 1.0 
1173.0 1.0 
1175.0 1.0 
1175.0 1.0 
1179.0 1.0 
1181.0 1.0 
1181.0 1.0 
1182.0 1.0 
1183.0 1.0 
1185.0 1.0 
1185.0 1.0 
1186.0 1.0 
1187.0 1.0 
1187.0 1.0 
1188.0 1.0 
1188.0 1.0 
1189.0 1.0 
1194.0 1.0 
1195.0 1.0 
1196.0 1.0 
1197.0 1.0 
1198.0 1.0 
1199.0 1.0 
1200.0 1.0 
1200.0 1.0 
1202.0 1.0 
1203.0 1.0 
1204.0 1.0 
1207.0 1.0 
1208.0 1.0 
1209.0 1.0 
1210.0 1.0 
