1043.0 1.0 
1056.0 1.0 
1085.0 1.0 
1086.0 1.0 
1089.0 1.0 
1095.0 1.0 
1105.0 1.0 
1107.0 1.0 
1118.0 1.0 
1123.0 1.0 
1125.0 1.0 
1126.0 1.0 
1132.0 1.0 
1134.0 1.0 
1135.0 1.0 
1138.0 1.0 
1141.0 1.0 
1141.0 1.0 
1142.0 1.0 
1142.0 1.0 
1142.0 1.0 
1144.0 1.0 
1144.0 1.0 
1148.0 1.0 
1149.0 1.0 
1151.0 1.0 
1152.0 1.0 
1153.0 1.0 
1154.0 1.0 
1154.0 1.0 
1155.0 1.0 
1157.0 1.0 
1160.0 1.0 
1161.0 1.0 
1166.0 1.0 
1167.0 1.0 
1168.0 1.0 
1168.0 1.0 
1170.0 1.0 
1171.0 1.0 
1173.0 1.0 
1173.0 1.0 
1174.0 1.0 
1175.0 1.0 
1176.0 1.0 
1177.0 1.0 
1177.0 1.0 
1179.0 1.0 
1180.0 1.0 
1183.0 1.0 
