0.9274063333333333
0.9311044166666665
0.9347030000000002
0.9351010000000001
0.9357145833333332
0.9357145833333332
0.9368588333333333
0.9368588333333333
0.9368588333333333
0.936892
0.936892
0.9369251666666667
0.9372236666666667
0.9375221666666667
0.9375221666666667
0.9379533333333333
0.9386498333333334
0.9386498333333334
0.9386498333333334
0.9386498333333334
0.9386498333333334
0.9386498333333334
0.9386498333333334
0.9386498333333334
0.9386498333333334
0.9386498333333334
0.9386498333333334
0.9386498333333334
0.9386995833333334
0.9386995833333334
0.9386995833333334
0.9403579166666667
0.9409880833333334
0.9409880833333334
0.9409880833333334
0.9409880833333334
0.9409880833333334
0.9409880833333334
0.9409880833333334
0.9409880833333334
0.9409880833333334
0.9409880833333334
0.9409880833333334
0.9409880833333334
0.9409880833333334
0.9409880833333334
0.9409880833333334
0.9409880833333334
0.9409880833333334
0.9409880833333334
0.9409880833333334
0.9409880833333334
0.9409880833333334
0.9426961666666666
0.9426961666666666
0.9426961666666666
0.9426961666666666
0.9426961666666666
0.9426961666666666
0.9426961666666666
0.9426961666666666
0.9426961666666666
0.9426961666666666
0.9426961666666666
0.9426961666666666
0.9426961666666666
0.9426961666666666
0.9426961666666666
0.9426961666666666
0.9426961666666666
0.9426961666666666
0.9426961666666666
0.9426961666666666
0.9426961666666666
0.9426961666666666
0.9426961666666666
0.9426961666666666
0.9426961666666666
0.9426961666666666
0.9426961666666666
0.9430610000000001
0.9430610000000001
0.9430610000000001
0.9430610000000001
0.9433263333333333
0.9433263333333333
0.9433263333333333
0.9433263333333333
0.9433263333333333
0.9433263333333333
0.9433263333333333
0.9433263333333333
0.9433263333333333
0.9433263333333333
0.9433263333333333
0.9433263333333333
0.9433263333333333
0.9433263333333333
0.9433263333333333
0.9433263333333333
