0.94311075
0.9424640000000001
0.9410212499999999
0.9409715
0.94082225
0.94052375
0.94002625
0.93992675
0.9393795
0.93913075
0.93903125
0.9389815
0.938683
0.9385835
0.93853375
0.9383845000000001
0.93823525
0.93823525
0.9381855
0.9381855
0.9381855
0.938086
0.938086
0.937887
0.93783725
0.93773775
0.937688
0.93763825
0.9375885
0.9375885
0.93753875
0.9374392500000001
0.93729
0.93724025
0.9369915
0.93694175
0.936892
0.936892
0.9367925
0.93674275
0.93664325
0.93664325
0.9365935
0.93654375
0.936494
0.9364442500000001
0.9364442500000001
0.93634475
0.9362950000000001
0.93614575
