99.10270623704072 4.374774943291243 3.575535635234875 
94.07662607383689 8.053316983206205 1.9701201334366711 
94.37258356687467 7.833271958508841 3.5706521401870357 
98.53389365632427 9.573706017915661 2.415535193475164 
99.10878307859244 9.52443655335956 2.191862468467679 
98.538390476251 8.953678317431281 3.5576736288595514 
98.12861349625516 5.381428088801012 3.625170523110236 
98.29574007971814 6.393478037562591 1.911101311840166 
94.6344499178783 9.407688363485368 2.414846772680953 
91.13698045348897 5.684282349615137 3.802030222696564 
98.35381447732404 9.012091571885877 2.1634377964294247 
97.99513376621867 9.059628774113017 2.414846772680953 
94.11239260933112 9.159165106930438 2.4148977742053805 
99.09784717383938 4.3852681488049345 2.1257628680365563 
97.27506825701566 9.119359650452145 3.293842967461151 
99.05852805590438 8.832669103555725 2.653136206445483 
95.69031254013872 5.694775555128828 2.325653814049187 
97.78083983489161 4.374774943291243 2.2583386235569654 
99.10270623704072 4.374774943291243 3.575535635234875 
98.24688728059952 9.194141233223133 2.407883158243932 
92.41732211290507 9.49124207477015 2.4114101571310744 
99.527532937032 9.36807671971393 2.4114101571310744 
99.47206812264993 6.417746966866365 3.5273993521985028 
99.10655511562786 9.367797564342592 2.5043810535850635 
98.48502043699318 4.871148704231688 2.4135789390462246 
93.17288644504502 4.165597101741647 2.4089517727280794 
94.26078566564297 8.929242820720187 2.179609083214056 
97.27337560381807 9.524492509447624 2.7009795445344786 
98.33719143865099 9.506411463241964 2.4135627615385964 
97.73776764653125 9.52443655335956 2.1922160315651644 
88.76262774576709 9.524911968131123 2.7009795445344786 
98.22142228509696 5.490895404234071 2.5776235329978845 
98.42430791190004 4.871148704231688 2.41486624763066 
98.33739928508011 8.134683537177404 3.6048471625783245 
93.19643519855212 5.694775555128828 2.410187519356513 
93.78952141576411 7.160468721516 3.543151069470192 
81.65543856671401 9.779362019940411 1.9631151861684561 
98.24749719806174 9.193691459658812 2.411617299638827 
98.22127662092323 9.031488309799661 2.104556736422623 
98.77744552365682 9.52443655335956 2.1922160315651644 
97.95115689318175 9.493320927878187 2.1922160315651644 
98.33739928508011 9.753771623292488 3.6048471625783245 
98.29574007971814 6.393478037562591 3.6255290261559705 
99.10270623704072 5.1992721601176015 3.618820872749639 
99.10655511562786 8.863427081120081 2.475224263615002 
94.07664488921776 9.193691459658812 2.503704686941315 
96.46096186155614 5.1992721601176015 3.618942021375142 
97.99513376621867 9.196459476792521 2.414846772680953 
97.2605372548765 9.119359650452145 2.104556736422623 
97.86436408404758 5.760374990186557 2.1897636253697232 
