99.9970607473455 7.736592391234179 3.2096483659120625 
99.9758666143259 7.429229372192745 1.485707187517706 
99.54995148292795 6.719483078400167 2.7019693675032332 
99.57148747848292 9.416026214318412 2.9685768061097244 
97.60857884664786 4.833876509824359 2.4652419536612777 
99.56471522528435 9.405517914966005 2.9969636745508885 
98.19129638018804 7.750843995943878 1.564393604096065 
97.27432360812725 7.743728293064456 1.7166916833659565 
98.09346153517393 8.363083069996025 2.713745482444947 
99.84204462846067 7.670649727808433 3.4429338008165598 
99.97404070933075 7.736592391234179 2.6995054560152174 
99.3346499378337 9.31248366163112 2.819871797131577 
99.29332426267888 9.438324957793501 3.5181522290522755 
93.39179638330359 8.834773765189317 2.8163718056565576 
98.3829773586399 7.750843995943878 1.2403009703209564 
98.19129638018804 7.750843995943878 1.5598231777724383 
99.18437267340077 9.409399230017273 2.4956605058070824 
99.8384870402888 7.65723668414706 3.292129838216695 
97.61726099476714 7.407582384972718 2.7250277861654912 
98.69334382764055 7.909927403341533 2.705289312875827 
98.19744778764914 6.416069184303698 2.9720920468560363 
99.83879780932622 6.414526028029212 2.842245545071645 
99.83879780932622 7.429229372192745 2.842486589440374 
99.82557141841609 7.429229372192745 2.8903916044734035 
95.37195910121358 7.28451097075582 1.5603206704518922 
99.64478860306666 9.446612220845612 3.4369027975280058 
99.83879780932622 6.414526028029212 2.842486589440374 
99.3346499378337 9.31248366163112 2.654383130029007 
98.84947039078725 7.9023671455806666 1.9915305364160938 
99.8384870402888 9.334633747806595 3.097036129412367 
99.5501090116409 9.081408223294085 2.7019693675032332 
95.03340761725997 7.764643335344536 1.566907471005491 
98.85086224291946 7.767524645525491 2.7406986922791607 
99.8384870402888 8.827759328190455 2.620144895897653 
95.39847535470433 7.819619705430701 1.5424465466340866 
99.56471522528435 8.669065965750587 2.699548208807961 
97.82084975897992 7.7463914494554 1.553419221445652 
99.5960803961712 9.415796272694445 2.842486589440374 
95.37201348715072 9.372388255654503 3.5062793269975012 
97.6315946623549 9.081408223294085 2.7019693675032332 
99.56471522528435 9.409225509214009 2.9969636745508885 
93.58658838318034 9.424798202640796 2.7029521696181913 
91.0267652874613 7.516393211705685 3.292129838216695 
99.84169624616842 7.66138673547248 2.5345724513473984 
99.32609500699277 9.439928734118629 3.4429338008165598 
99.3017604494668 7.87802951032868 3.0139006226639586 
99.57148747848292 9.715695955828835 2.9685768061097244 
98.19488715889128 6.416069184303698 2.9449929661545853 
99.33067823634768 8.259704599675121 2.714290722149515 
98.19129638018804 7.750843995943878 3.4403508980065443 
