99.15787290709261 7.560524835822337 2.8543407667547553 
96.26009748637328 6.723492139061617 3.189111888590329 
99.17595523801239 6.402371816583872 3.813563111359895 
98.05835006055578 7.560524835822337 3.6437161920343204 
99.1927343949997 6.994587236861818 3.6621534915749616 
99.96785402916295 6.415478549570337 3.842559695397498 
99.15787290709261 7.560524835822337 2.8543407667547553 
99.9683481320804 6.462743793611816 3.842559695397498 
99.20028849755833 6.776245123689391 3.6621672382212314 
99.58477572438454 6.91436623713068 3.815323366983089 
98.05835006055578 7.560524835822337 2.597340315621389 
99.15787290709261 7.466346581854851 2.8543407667547553 
87.68931468936506 7.933476322242795 2.597340260545523 
99.16963403218543 7.560524835822337 3.810909882575487 
99.98909917795672 8.043194984373951 3.969243194779995 
99.15787290709261 6.7636866588651054 3.6757577270496347 
99.46846878521539 7.889980395270804 3.842559695397498 
92.29005939401668 7.040106760715311 3.707048719621318 
91.35240716723652 6.950719422340785 3.9221459015182445 
87.68931468936506 8.236977855393254 2.6411874065197396 
98.87910379446626 5.4354514263878055 3.660519573759261 
99.38017418038297 6.365363361984816 3.8853563951157417 
99.16963403218543 6.414798617970652 3.842559695397498 
90.99482685603662 7.5668990979059005 3.7694870062739056 
96.7550040522967 6.723492139061617 3.878795113506726 
99.00334245620962 6.566816649232827 3.657977093445655 
99.96749583981601 6.723492139061617 3.189111888590329 
98.87910379446626 6.719074430849073 3.660519573759261 
97.4330687250224 5.424993617329749 3.6589607555319352 
99.15787290709261 6.708113458650839 2.8463709733486326 
90.73849964289235 5.4390843086416885 3.6581794475867673 
99.86283082894589 6.5143595315688305 3.8916575087388274 
98.2287296925434 7.560524835822337 2.6930092496997933 
98.79258410747997 7.933476322242795 3.6756984044322487 
99.63138365322506 7.910116579031109 3.8156507617188002 
99.0928656933859 6.464893725181916 3.8927057958280056 
98.87910379446626 5.297558965268079 3.660519573759261 
99.28103623432088 7.560524835822337 3.810909882575487 
96.26009748637328 6.723492139061617 3.189111888590329 
99.0890353428341 6.737791893244922 3.5653608085981467 
99.0890353428341 6.719074430849073 3.564375470431253 
91.06846051634696 6.944131697225347 3.9604304749112194 
99.97915748524046 6.336366624210872 3.842559695397498 
99.16963403218543 7.560524835822337 3.821938886545021 
99.16963403218543 6.414798617970652 3.8420382892944103 
91.11535365913346 7.214298589047573 3.9312929666304783 
97.79993135652049 8.07874920684426 1.3169818522281747 
92.01630318768102 7.559413989974733 3.89640572444677 
99.86283082894589 6.415469462763697 3.813563111359895 
88.86023221363244 7.465530357188152 2.939197919596397 
