1109.0 1.0 
1126.0 1.0 
1131.0 1.0 
1140.0 1.0 
1156.0 1.0 
1157.0 1.0 
1158.0 1.0 
1159.0 1.0 
1168.0 1.0 
1168.0 1.0 
1170.0 1.0 
1171.0 1.0 
1173.0 1.0 
1174.0 1.0 
1179.0 1.0 
1181.0 1.0 
1183.0 1.0 
1186.0 1.0 
1191.0 1.0 
1193.0 1.0 
1195.0 1.0 
1196.0 1.0 
1196.0 1.0 
1196.0 1.0 
1198.0 1.0 
1199.0 1.0 
1199.0 1.0 
1201.0 1.0 
1202.0 1.0 
1203.0 1.0 
1204.0 1.0 
1204.0 1.0 
1205.0 1.0 
1207.0 1.0 
1208.0 1.0 
1208.0 1.0 
1209.0 1.0 
1211.0 1.0 
1219.0 1.0 
1222.0 1.0 
1223.0 1.0 
1224.0 1.0 
1226.0 1.0 
1228.0 1.0 
1228.0 1.0 
1228.0 1.0 
1229.0 1.0 
1231.0 1.0 
1231.0 1.0 
1232.0 1.0 
