1128.0 1.0 
1129.0 1.0 
1143.0 1.0 
1151.0 1.0 
1161.0 1.0 
1163.0 1.0 
1171.0 1.0 
1176.0 1.0 
1177.0 1.0 
1184.0 1.0 
1185.0 1.0 
1189.0 1.0 
1190.0 1.0 
1192.0 1.0 
1192.0 1.0 
1196.0 1.0 
1197.0 1.0 
1198.0 1.0 
1199.0 1.0 
1203.0 1.0 
1205.0 1.0 
1210.0 1.0 
1210.0 1.0 
1211.0 1.0 
1212.0 1.0 
1213.0 1.0 
1215.0 1.0 
1216.0 1.0 
1220.0 1.0 
1221.0 1.0 
1221.0 1.0 
1221.0 1.0 
1222.0 1.0 
1222.0 1.0 
1224.0 1.0 
1224.0 1.0 
1224.0 1.0 
1225.0 1.0 
1225.0 1.0 
1226.0 1.0 
1227.0 1.0 
1227.0 1.0 
1228.0 1.0 
1228.0 1.0 
1229.0 1.0 
1230.0 1.0 
1231.0 1.0 
1231.0 1.0 
1232.0 1.0 
1233.0 1.0 
