1125.0 1.0 
1130.0 1.0 
1131.0 1.0 
1138.0 1.0 
1138.0 1.0 
1140.0 1.0 
1152.0 1.0 
1153.0 1.0 
1158.0 1.0 
1161.0 1.0 
1163.0 1.0 
1172.0 1.0 
1174.0 1.0 
1175.0 1.0 
1177.0 1.0 
1177.0 1.0 
1179.0 1.0 
1180.0 1.0 
1183.0 1.0 
1184.0 1.0 
1187.0 1.0 
1188.0 1.0 
1188.0 1.0 
1189.0 1.0 
1189.0 1.0 
1189.0 1.0 
1190.0 1.0 
1190.0 1.0 
1190.0 1.0 
1193.0 1.0 
1197.0 1.0 
1198.0 1.0 
1199.0 1.0 
1200.0 1.0 
1201.0 1.0 
1203.0 1.0 
1203.0 1.0 
1205.0 1.0 
1205.0 1.0 
1206.0 1.0 
1207.0 1.0 
1207.0 1.0 
1209.0 1.0 
1210.0 1.0 
1210.0 1.0 
1210.0 1.0 
1211.0 1.0 
1211.0 1.0 
1215.0 1.0 
1215.0 1.0 
