0.9249354166666666
0.9304410833333333
0.93107125
0.93196675
0.9362618333333333
0.9362618333333333
0.9363115833333334
0.9369915
0.9369915
0.9370246666666667
0.9375055833333333
0.9375055833333333
0.9375055833333333
0.9375055833333333
0.9375055833333333
0.9375055833333333
0.9376714166666668
0.9378040833333333
0.9378040833333333
0.9378040833333333
0.9378040833333333
0.9378040833333333
0.9378040833333333
0.9379699166666667
0.9379699166666667
0.9380030833333334
0.9380030833333334
0.9380030833333334
0.9380860000000001
0.9380860000000001
0.9380860000000001
0.9380860000000001
0.9380860000000001
0.9380860000000001
0.9380860000000001
0.9380860000000001
0.9380860000000001
0.9380860000000001
0.9380860000000001
0.9380860000000001
0.9382186666666666
0.9384508333333333
0.9384508333333333
0.9384508333333333
0.9384508333333333
0.9384508333333333
0.9384508333333333
0.9384508333333333
0.9384508333333333
0.9384508333333333
0.9384508333333333
0.9384508333333333
0.9384508333333333
0.9384508333333333
0.9384508333333333
0.9384508333333333
0.9384508333333333
0.9384508333333333
0.9384508333333333
0.9384508333333333
0.9384508333333333
0.9384508333333333
0.9384508333333333
0.9384508333333333
0.9384508333333333
0.9384508333333333
0.93923025
0.93923025
0.93923025
0.93923025
0.93923025
0.93923025
0.93923025
0.93923025
0.93923025
0.93923025
0.93923025
0.93923025
0.93923025
0.93923025
0.93923025
0.93923025
0.93923025
0.93923025
0.93923025
0.93923025
0.93923025
0.9392468333333334
0.9392468333333334
0.9392468333333334
0.9392468333333334
0.9392468333333334
0.9392468333333334
0.9392468333333334
0.9392468333333334
0.9392468333333334
0.9392468333333334
0.9392468333333334
0.9392468333333334
0.9392468333333334
