0.938882
0.93883225
0.9381357499999999
0.93773775
0.93724025
0.93714075
0.93674275
0.936494
0.9364442500000001
0.9360959999999999
0.93604625
0.93584725
0.9357975
0.935698
0.935698
0.9354990000000001
0.93544925
0.9353995
0.9353497500000001
0.9351507499999999
0.93505125
0.9348025
0.9348025
0.93475275
0.9347030000000001
0.93465325
0.9345537500000001
0.934504
0.934305
0.93425525
0.93425525
0.93425525
0.9342054999999999
0.9342054999999999
0.934106
0.934106
0.934106
0.9340562499999999
0.9340562499999999
0.9340065
0.93395675
0.93395675
0.9339069999999999
0.9339069999999999
0.93385725
0.9338075
0.93375775
0.93375775
0.933708
0.93365825
