99.91873935868377 3.0721349523677155 2.7262162076891814 
98.2241275288806 8.584395239294125 3.0677186695776375 
99.25131942221905 7.53907906050354 1.7286393953266184 
95.48080474022665 8.661960215461981 3.7403022491190927 
99.51159888699227 8.202944564286307 3.8256401316342092 
99.49831465499703 9.74902589839051 3.7403022491190927 
99.80080837506678 9.454342341940295 1.1959654613558506 
99.50047007439406 9.719540967175849 2.7097360143573526 
99.50046977460488 9.769533981648701 2.7102413034876753 
99.4365474367943 8.582261044904815 1.1243175467354822 
99.57809530341541 7.049188001531111 2.6955523331053857 
98.4138492783887 8.943865971631878 3.0200066951910975 
99.17839270888129 9.123025824971597 1.635022992479505 
98.8960650576546 9.061618422426129 1.858301107878054 
98.54526927812464 8.567973135015098 1.0810649949295574 
99.91065979921343 9.455867925998648 2.7444481735311843 
99.46751478099522 9.665926301129742 2.7262162076891814 
94.60063025354812 8.69364897851406 2.4228363231626724 
98.41332904677182 9.66617347238708 2.813003702453715 
98.22331757518475 9.561396714757072 1.622464788976674 
99.7308157539763 9.772369925160186 1.1959654613558506 
99.46751478099522 7.8159133868510935 2.7262162076891814 
98.54687909675957 6.761453013402677 1.1096719013559468 
98.2241275288806 7.540038121803734 3.0677186695776375 
99.79868392109742 8.617114208681905 3.8256401316342092 
99.78800617298452 8.617114208681905 3.8214104972011143 
99.79959212713763 9.972123544076602 3.134179012887774 
98.90778664294601 9.772369925160186 2.7610148989528627 
98.54526927812464 8.617765812103526 1.0302191397377802 
94.66698249807081 8.567956120303853 3.9428315523814343 
99.76622521222095 9.814422354968382 3.0620495761846938 
98.43526242165616 9.65954571074305 1.3347019913341163 
99.67776409852638 9.837338384737187 2.5372242784134165 
98.87380917040345 8.134597399669204 2.6545601617228773 
96.48266472823946 9.66617347238708 2.802416826859735 
98.54526927812464 6.687676737914136 1.1202332556006087 
98.44951256030744 9.705793380153741 1.5572681210715316 
98.15520887944305 8.616618048372802 2.9698839317523125 
99.49808069009431 8.582261044904815 3.7540768956567168 
99.2328885546292 8.929779553585309 2.8678568883507776 
99.79959212713763 9.814422354968382 3.0620495761846938 
99.31843462502181 9.838378511451735 2.5372242784134165 
99.59737196345883 9.772369925160186 2.7610148989528627 
98.43658718731314 3.0319223058212277 1.5945290425255085 
99.2328885546292 8.929779553585309 2.8678568883507776 
98.8960650576546 9.11855131616146 1.858301107878054 
99.775926232826 7.5398793180516295 1.114614661859222 
99.91873935868377 9.531064952730462 2.710141121310726 
99.50046977460488 9.769533981648701 2.7097771486335094 
99.50046977460488 9.769533981648701 2.7097771486335094 
