93.07810614611483 6.835924574775547 2.48101303121529 
98.21600915024331 5.72305480696902 2.4875975113762285 
99.09397694435326 7.054956594078632 1.34877134731541 
99.92144695565648 6.776594378676845 2.5302802513533607 
93.24171264635368 8.30017376799683 1.3690386532336007 
93.22928571635211 9.564346886006984 1.3992729203801457 
90.56782784138066 8.903581674008002 1.2903762683028237 
98.69076889392906 8.4956984080845 2.0100390213671915 
95.54983623749389 6.794804915802678 2.4825442063071903 
99.50291298881125 7.703231627605295 2.4731998274075147 
99.89102377806783 6.776594378676845 1.5506172437146002 
99.10054568560548 6.794804915802678 2.495268004238533 
99.60918356346797 6.573477019617538 2.5125845944553147 
90.3540858424169 5.944454890001364 2.4874291476600643 
99.97045748031454 6.783250028031911 1.7036582651505368 
99.81211679021303 8.24727968369845 1.351474583178328 
96.06155422361402 9.167328138037096 1.352800807789055 
95.54983623749389 6.770004338227957 2.787813730821818 
89.10709488181487 6.400000959136018 2.2218837403020433 
99.32605376486252 6.811438301643891 1.5438553264375492 
99.72533795143298 6.832787977310493 2.1072973835668187 
97.5099110778108 9.095076934114525 1.3510853535253893 
99.95148885007015 6.783250028031911 1.5506172437146002 
97.94658989302282 6.79589231662024 2.198660768142458 
99.46085196792595 6.808031654149695 1.3329610054213683 
99.84334809604741 5.113070268930534 2.4875975113762285 
99.73068881221211 6.759753915212542 1.5438553264375492 
98.79552061447177 7.933247841382923 2.377030735586774 
95.80097894852624 8.037848954343557 2.3425712234396663 
99.96917359907937 5.890608765324293 2.159911826870965 
99.94313471451356 6.783250028031911 1.548596608879627 
99.79996690971265 8.372978840489983 2.1325351983910332 
94.83829287281532 5.10469949891064 2.1783693290912787 
96.09868661808873 8.91813721944458 2.4875975113762285 
99.72980724900026 5.638873819566896 2.124184521585644 
98.20315312565066 5.715237706053557 2.4875975113762285 
95.80097894852624 8.786369896244372 2.3408343622261865 
99.79996690971265 8.372978840489983 2.114408311727023 
99.32605376486252 7.679147152959564 2.4889325058582745 
99.96018638653547 8.958000071193958 2.114601979483973 
98.20315312565066 5.72305480696902 2.4875975113762285 
97.15496643595479 6.4053890191247485 2.2218837403020433 
99.56400475213462 6.79589231662024 2.124184521585644 
90.94556763812739 6.811412018005701 1.5438553264375492 
97.65201501609879 5.690590685234998 2.65776945235085 
98.72611068499228 7.335510621542203 2.4637436093051948 
95.54983623749389 6.794804915802678 2.4986749665638808 
99.26024998496933 6.577320058504109 2.5128158795618876 
98.67354204363056 5.113070268930534 2.494952875789488 
95.80097894852624 8.066231615788181 1.9941989693986586 
