94.63323686868827 9.776977949815702 1.0018334781328102 
96.3811271611355 3.141210698711833 3.158367323532243 
96.44132802179311 6.205260098812261 2.165205834993695 
95.66750668363152 8.812515201691344 1.9919145952857034 
96.8026963892757 3.492944349163148 1.0434780160987331 
96.42547590647227 7.018221036186064 2.323256058976338 
96.42549733684618 7.336725396285436 2.6134208232363116 
96.37687367203236 9.672542297305267 3.0145854183492142 
99.8961554048751 9.679001290567623 2.784085838974276 
96.42549733684618 6.510993712015841 2.13366164395332 
96.42549733684618 7.336725396285436 2.9960095402293483 
96.42549733684618 6.510993712015841 2.607414585937291 
96.94005666486828 9.611167729838467 1.978086593331568 
96.36079303067359 5.31976030386869 2.7196499410152217 
97.57969482062566 5.454523167687098 2.627567391258965 
96.36079303067359 5.329844852214683 2.7196499410152217 
96.42536398094775 9.777001028563733 1.9938329376931767 
99.27988178298895 7.597479906599113 2.5574311865070305 
91.72034217847207 8.80961145625229 1.8924560980623881 
93.98752653766695 3.0866673707982595 3.640582231403009 
97.68597785278037 6.924273763849069 2.1715010938918926 
96.36079303067359 5.329844852214683 2.7196499410152217 
97.44385274884888 7.69799607404903 1.0136916936747182 
95.68581878611532 7.7929389488168885 3.7377023018017996 
94.63323686868827 9.776977949815702 2.1578781543191785 
94.28079056415102 6.191010736750768 3.689174421456098 
98.33296315059559 9.586056668502998 1.1058479723710564 
96.6012647674486 9.615764715432258 2.107244438981247 
96.36062738201356 7.77821878162596 3.737459572777237 
93.40914230900904 3.6893304732762644 1.1421418480729546 
96.44780824852175 8.812515201691344 1.8299227902014106 
96.36898919543262 8.812515201691344 2.2993497947650368 
96.37664213705062 9.680309064247616 3.0543947904268203 
98.13481614805978 9.483993006179363 3.1178753323326953 
96.4511715658419 6.205260098812261 2.1715010938918926 
97.35340385648405 9.988463279270375 1.0981689923612308 
99.43405777167028 5.116018942715297 3.5505261059588453 
96.3776197699811 9.807710749416055 2.148921330831106 
95.68581878611532 7.7929389488168885 3.7377023018017996 
97.14519132339315 9.777001028563733 2.177856978076972 
97.53433061230585 5.454523167687098 2.1651554370381323 
96.42547590647227 6.399231208094491 1.4126981979539102 
96.42729690924793 6.029804747782148 1.364485910669477 
99.33128965017652 9.988463279270375 3.1625888943654736 
91.72034217847207 5.073161164240258 1.8924560980623881 
96.76793152023025 9.609611882991086 2.348731442393457 
97.88446295233344 9.429890860084035 3.0719600062446615 
96.3910700746547 6.643056505984555 2.3329969871852825 
97.01534427325973 8.673161391150424 1.892257746457685 
96.44780824852175 8.795528951925121 1.8299227902014106 
