233.0 1.0 
234.0 1.0 
239.0 1.0 
241.0 1.0 
242.0 1.0 
247.0 1.0 
247.0 1.0 
248.0 1.0 
248.0 1.0 
248.0 1.0 
249.0 1.0 
249.0 1.0 
249.0 1.0 
250.0 1.0 
250.0 1.0 
250.0 1.0 
251.0 1.0 
251.0 1.0 
253.0 1.0 
254.0 1.0 
254.0 1.0 
254.0 1.0 
254.0 1.0 
254.0 1.0 
254.0 1.0 
254.0 1.0 
254.0 1.0 
255.0 1.0 
255.0 1.0 
256.0 1.0 
256.0 1.0 
256.0 1.0 
256.0 1.0 
256.0 1.0 
256.0 1.0 
257.0 1.0 
257.0 1.0 
257.0 1.0 
258.0 1.0 
258.0 1.0 
258.0 1.0 
258.0 1.0 
258.0 1.0 
259.0 1.0 
259.0 1.0 
259.0 1.0 
259.0 1.0 
259.0 1.0 
260.0 1.0 
260.0 1.0 
