0.9266399999999999
0.9266399999999999
0.9267224999999999
0.9267224999999999
0.9273824999999999
0.9278775
0.9278775
0.9287025
0.9287025
0.9287025
0.9287025
0.9297749999999999
0.9297749999999999
0.9297749999999999
0.9297749999999999
0.9297749999999999
0.9297749999999999
0.9297749999999999
0.9297749999999999
0.9297749999999999
0.9297749999999999
0.9299400000000001
0.9299400000000001
0.9299400000000001
0.9301050000000001
0.9301050000000001
0.9301050000000001
0.9301875000000001
0.9301875000000001
0.9301875000000001
0.9301875000000001
0.9301875000000001
0.9301875000000001
0.9301875000000001
0.9301875000000001
0.93027
0.93027
0.93027
0.9310124999999999
0.9310124999999999
0.9310124999999999
0.9310124999999999
0.9310124999999999
0.9310124999999999
0.9310124999999999
0.9310124999999999
0.9310124999999999
0.9310124999999999
0.9310124999999999
0.9310124999999999
0.9310124999999999
0.9310124999999999
0.9310124999999999
0.9310124999999999
0.9310124999999999
0.9310124999999999
0.9310124999999999
0.9310124999999999
0.9310124999999999
0.9310124999999999
0.9310124999999999
0.9310124999999999
0.9310124999999999
0.9310124999999999
0.9310124999999999
0.9310124999999999
0.9310124999999999
0.9310124999999999
0.9310124999999999
0.9310124999999999
0.9310124999999999
0.9310124999999999
0.9310124999999999
0.9310124999999999
0.9310124999999999
0.9310124999999999
0.9310124999999999
0.9310124999999999
0.9310124999999999
0.9310124999999999
0.9310124999999999
0.9310124999999999
0.9310124999999999
0.9310124999999999
0.93126
0.93126
0.93126
0.93126
0.93126
0.93126
0.93126
0.93126
0.93126
0.93126
0.93126
0.93126
0.93126
0.93126
0.93126
0.93126
