0.930105
0.930105
0.9293625
0.9293625
0.929115
0.929115
0.9286199999999999
0.9283724999999999
0.9283724999999999
0.9278775
0.9278775
0.9278775
0.9276300000000001
0.9273825
0.9273825
0.9273825
0.927135
0.927135
0.927135
0.927135
0.927135
0.9268875
0.9268875
0.9268875
0.9268875
0.9268875
0.9266399999999999
0.9266399999999999
0.9266399999999999
0.9266399999999999
0.9266399999999999
0.9266399999999999
0.9263925
0.9263925
0.9263925
0.9263925
0.926145
0.926145
0.926145
0.926145
0.926145
0.9258975
0.9258975
0.9258975
0.9258975
0.9256500000000001
0.9256500000000001
0.9256500000000001
0.9256500000000001
0.9256500000000001
