87.91846011335433 9.7088840058482 1.9046704173575515 
93.77695851698482 9.646796011240705 1.9860163411570504 
93.77171366880218 9.639528130779485 1.2949819214627043 
94.84247716248905 8.200039655961978 1.2898608561850013 
97.14987694451257 8.481195309253975 1.2396546952139023 
96.67676980995873 9.570409932511682 1.717067097840875 
97.14987694451257 8.481195309253975 1.8883997890217596 
93.73046875894326 6.927181348364904 1.9178735558086246 
97.10202575423817 8.501563830652326 1.1612542064138247 
97.17506432960222 6.5082316132439795 1.4279671005625254 
98.50353999768018 8.848544078140645 1.9365140649787047 
97.10202575423817 6.449264246589916 1.4312824652055052 
96.54402460556938 9.639528130779485 1.286672937226206 
92.29966135882593 6.894927768838285 1.150984412930759 
97.80754605300005 7.875276753201217 1.2014390647203697 
99.60636074508785 7.956579117752196 1.6443243036011874 
91.65043228287131 8.481195309253975 1.2008344969901388 
93.57994128981927 9.664305128738942 1.2949819214627043 
99.99320852163339 7.968853201865293 2.2189976482735423 
89.7552038595379 4.167410169807909 1.9080051698796914 
99.75891096475402 7.945971444429622 1.8975387505409165 
99.69046110441352 8.476462896120564 1.9422738767888894 
89.75065359003227 4.007078073800738 1.9091806302998235 
98.48136804303583 7.875276753201217 1.2037610381177184 
96.1036769556157 9.598959433505415 1.6345223157887363 
96.1462104837456 6.028526826911424 1.6344313491017664 
97.46152737224402 8.481195309253975 1.2396546952139023 
91.56415629348182 8.304746532048375 1.9176010307681632 
93.71668616237707 8.171370749613803 1.9832138521813873 
91.63570603409123 7.916379491937517 1.9176010307681632 
99.60636074508785 7.956049052881478 1.6443243036011874 
91.33134490618204 7.185679898456668 1.1453077845573605 
84.68689632763642 8.482712508389477 2.193675084879072 
97.14987694451257 7.938169614229901 1.2456707884698204 
97.92893761658158 7.217472106563026 2.2161609749553 
94.05917270530979 6.365218621596771 1.977812690680755 
99.9377466718019 7.973927921443953 2.2161609749553 
96.67676980995873 9.639299058578679 2.2440324168243264 
99.00003386556588 9.159790668262554 1.84475742884465 
99.87732219414535 8.297347324593487 1.1819807991734037 
93.77171366880218 8.171370749613803 1.999954932512391 
94.05917270530979 6.79170388795242 1.9777674233392357 
99.96258463619456 6.92261553838895 2.224119303066909 
96.64604786712002 9.215480907384284 1.6265878157902367 
93.85040111901358 5.891198512233276 1.5435498453865584 
99.87732219414535 8.288840493319228 1.9817571270801897 
93.66193436021301 9.60302280295614 1.6378726372050438 
98.37484454613006 9.639528130779485 1.286672937226206 
98.51341260620501 8.872607332127647 1.9557507700720311 
87.52248875699902 5.232729617439714 1.4052267243235783 
