98.30016678968929 8.446008922112913 1.3680402814761798 
95.36440687690006 7.440659493651443 1.4907252732757699 
97.67124307151924 7.3230130834339375 1.508276821345847 
98.18658801136681 7.075961238546756 1.7986328950493728 
96.20159665399385 7.526183625278634 1.350577657229464 
95.94906563647763 7.529707122980863 1.8271984804349413 
98.82356398494396 7.3635594785610605 3.4000694439552532 
95.34858096692996 6.90299547452344 1.4997620679075787 
96.00804133815352 9.409619728082513 1.6125469393587393 
89.90880279454448 7.529707122980863 1.8826829075605964 
99.1774118503093 6.625425266949313 3.288939616443733 
93.38894937463036 9.049570788540482 1.7889411268818507 
92.15862796437602 5.4993875300038235 1.7410922393511985 
96.19349300526635 8.442265990984408 1.379816616690579 
98.289622304377 8.87410041108989 1.348765820640467 
95.94906563647763 7.529707122980863 1.4997620679075787 
98.66638898378743 8.365427255667576 1.7946872578490352 
99.69798436947156 7.529707122980863 3.3253395033830624 
99.62199182383891 7.132896009411835 1.508276821345847 
98.32694438568461 7.533598357279367 1.3786437946338839 
96.07560574994213 7.529707122980863 1.4997620679075787 
96.1118422513075 8.442265990984408 1.3798112669677107 
97.06225398148875 6.409881191133136 1.3448830122924487 
95.9787226262715 7.771259396909864 1.7103550163259138 
98.85807517263574 9.402099486968945 3.364734626436006 
99.80668399943279 8.491151516931053 1.4614251143777932 
98.59641514878676 8.274407456701955 1.5082855013300402 
98.3001216513407 9.389693362392123 1.4903510884701578 
99.15343051444405 8.337536095763284 1.4573320782746069 
98.56544072975973 7.33769988195604 1.508276821345847 
98.85807517263574 7.3635594785610605 3.4304557556172655 
73.3368886733806 5.70329899734155 2.21347015735032 
98.2860888939065 7.706328692845679 3.497155154206643 
69.92122636569997 8.442265990984408 1.3798112669677107 
98.30747392535787 8.529152488496859 1.4899763099459349 
98.289622304377 9.480276677942264 1.343011452450649 
98.29137241351638 8.891733704282911 1.3623335663396956 
99.23279407405185 7.712228436479653 3.4633228773302154 
95.711011006066 8.442265990984408 1.3798112669677107 
96.12317737002043 8.753741143465128 1.500096456472204 
99.05601914441743 7.527419318604064 1.7790769865043838 
98.85807517263574 7.3635594785610605 3.4304557556172655 
98.289622304377 9.309016374685022 1.3657079368025133 
95.47607202882665 7.977935398882536 1.3448830122924487 
99.70887584156563 8.561703313062765 1.7410922393511985 
98.90310060382019 8.746040141860396 1.4320663401121367 
98.59956517278025 9.309016374685022 3.4296072916813376 
98.18658801136681 7.075961238546756 1.7986328950493728 
99.0520387407036 8.282908579397025 1.2113702652175127 
98.30016678968929 8.612046430714354 1.5400511118717382 
