96.0341310478032 9.747339268262088 3.441999359924916 
98.75299173936519 9.867456995834166 3.4437183444591994 
82.25891523368723 8.051607522351466 3.576487265047595 
99.94250574593521 9.758130575329748 3.4437183444591994 
99.64076354002843 6.020098226536026 2.558338960097847 
99.0626951361637 9.458355306996857 3.4690620885032897 
97.91216271959391 9.747339268262088 1.6685387982394275 
85.31240494324956 9.20211102882035 3.208559763777583 
95.46303153847367 9.944953612642209 1.7540078696445076 
96.0341310478032 6.170614105948948 3.437324820322378 
99.60695186746804 9.695836879875085 1.9526449820659453 
99.9942908236946 9.757293653338749 3.6200541216331437 
99.63160774558384 9.08874620325725 3.2105005683329852 
99.060959004533 9.927959730436719 1.7540078696445076 
99.60695186746804 8.116449135326587 2.206709617170847 
99.60695186746804 9.92681333570355 2.1212166858846278 
95.73732850343514 6.154415390417851 3.5342172591891323 
99.86639709961713 6.130681240910461 2.5857128200375623 
97.58369176526848 9.46732404624272 3.614058532211275 
93.30589946109905 9.795688954950903 3.2105005683329852 
95.79168244292099 8.291323372320493 3.2484027346397175 
99.060959004533 9.826830918895356 3.6170463945564135 
99.0677439398034 9.847351093650012 3.5834202065123364 
97.62755490641804 9.911086629412297 1.7540078696445076 
73.31036478069598 9.819038674194175 3.430972682963505 
99.60695186746804 9.695836879875085 2.1216782825161316 
99.63160774558384 9.758130575329748 3.4403609967811732 
99.35673294317769 7.691587004501854 1.7306739523276922 
94.86268514530599 9.997426549898172 3.556990953570349 
98.05187269348404 9.995959856644516 3.907048011661664 
95.32350260492782 7.6916665214660975 1.7306739523276922 
95.33337091259014 7.667697980480719 2.2149016381605637 
97.96234102915547 9.582111142391309 3.503689855163152 
99.0504089007253 6.294197638297782 1.7540078696445076 
95.73903296261473 7.6916665214660975 1.8237876154197892 
99.63160774558384 9.45333174938861 3.2105005683329852 
98.52865293843129 9.757293653338749 3.619882927647665 
94.86268514530599 9.693328156227302 3.593330172389291 
99.99650072536487 7.774138912765324 3.9687003228204034 
99.19782122488522 9.944953612642209 1.7540078696445076 
99.60695186746804 8.671299375096428 2.206709617170847 
99.55686192069331 9.927959730436719 1.67824867320408 
99.04056148028867 9.973935746350469 3.45987550516364 
95.04916508636347 8.291323372320493 3.559995750647019 
99.69042334704889 9.843106147942466 3.3670102062714076 
98.74989307548239 9.75170627707292 1.8324746366513835 
97.58369176526848 9.46732404624272 3.5034846478517294 
98.45254543955602 9.757293653338749 3.6200541216331437 
99.06194025254825 9.439540434177102 3.4690620885032897 
99.09144424159003 9.450572721094478 3.696301998203852 
